time,value,PowerTranfer,peak,mean,t_stablility,stability
0.0,167.372353655396,1868.4071783759073,359.90708893506076,167.57811101076203,60.0,0.0
0.01,167.37235365594015,1868.407177908063,,,,
0.02,167.3723536589651,1868.4071768867134,,,,
0.03,167.37235366709137,1868.4071753546186,,,,
0.04,167.37235368198407,1868.4071733565834,,,,
0.05,167.37235370388495,1868.4071708763938,,,,
0.06,167.37235373174656,1868.4071678872888,,,,
0.07,167.37235376316912,1868.4071643589987,,,,
0.08,167.37235379432167,1868.407160246113,,,,
0.09,167.37235381985616,1868.4071554976513,,,,
0.1,167.37235383278593,1868.4071500630916,,,,
0.11,167.37235382434034,1868.4071438763935,,,,
0.125,167.37235374599203,1868.4071335509836,,,,
0.14,167.37235355105207,1868.4071206858803,,,,
0.155,167.37235318346467,1868.4071053371215,,,,
0.17,167.37235257345586,1868.4070871719166,,,,
0.185,167.37235163694515,1868.4070657788398,,,,
0.2,167.37235027410688,1868.4070407324432,,,,
0.215,167.37234836807662,1868.4070115057875,,,,
0.23,167.3723457838152,1868.4069775254425,,,,
0.245,167.37234236688906,1868.4069382123903,,,,
0.26,167.372337942368,1868.4068928713937,,,,
0.275,167.37233231390246,1868.406840752722,,,,
0.297,167.3723210942226,1868.4067530252119,,,,
0.32,167.37230583819914,1868.4066413441026,,,,
0.342,167.37228558978717,1868.406506181661,,,,
0.365,167.37225926314625,1868.4063442149484,,,,
0.387,167.37222564841747,1868.4061511523505,,,,
0.41,167.3721834107371,1868.4059230400162,,,,
0.432,167.37213109336557,1868.4056546689333,,,,
0.455,167.37206712366785,1868.4053408669356,,,,
0.477,167.37198981947924,1868.4049762766772,,,,
0.5,167.371897398334,1868.4045545533932,,,,
0.522,167.371787988816,1868.4040694558203,,,,
0.556,167.37158738787005,1868.403252939231,,,,
0.59,167.3713371806911,1868.4022112545983,,,,
0.624,167.37103022749048,1868.4009606001523,,,,
0.657,167.3706593488388,1868.399471902602,,,,
0.691,167.37021745021113,1868.3977129005643,,,,
0.725,167.36969765399516,1868.3956537242448,,,,
0.759,167.36909347455287,1868.3932579382963,,,,
0.792,167.3683996158162,1868.3902963811029,,,,
0.826,167.36761148255533,1868.3873377316877,,,,
0.86,167.3667247728493,1868.3834791332988,,,,
0.894,167.36573617121195,1868.3796438647096,,,,
0.944,167.36405756233665,1868.372244047229,,,,
0.995,167.36214506063646,1868.363817778927,,,,
1.0,167.36193360523396,1868.3628486450689,,,,
1.005,167.36467745780845,1089.032462686341,,,,
1.012,167.37268307898037,1089.5560205477202,,,,
1.022,167.3940763484143,1091.1259114037252,,,,
1.032,167.43067687740444,1093.8533470827922,,,,
1.042,167.48375421148637,1097.6963061954796,,,,
1.052,167.554070726991,1102.6061031881043,,,,
1.062,167.6420408299329,1108.5290427021662,,,,
1.072,167.7478453657231,1115.4082999196708,,,,
1.08,167.85090239186502,1121.8938878337399,,,,
1.085,167.91788409222207,2762.2529948160827,,,,
1.092,168.0097101381989,2789.656886112718,,,,
1.102,168.15182371920935,2828.498904371266,,,,
1.112,168.29940789039605,2864.0147131451304,,,,
1.122,168.45121292411199,2897.0607555714314,,,,
1.132,168.60645636030074,2928.1895295850145,,,,
1.142,168.7646866143774,2957.781637577402,,,,
1.152,168.92568404349,2986.1008220439244,,,,
1.162,169.08938922221506,3013.324938599112,,,,
1.172,169.25584970464624,3039.5846631173636,,,,
1.182,169.4251806850511,3064.967863921902,,,,
1.192,169.597535650083,3089.5319670601475,,,,
1.202,169.77308429022793,3113.3155003101656,,,,
1.212,169.95199606192713,3136.3478160149953,,,,
1.222,170.13442793685505,3158.643560427817,,,,
1.232,170.32051513861876,3180.2114542043246,,,,
1.242,170.5103643871114,3201.062775271408,,,,
1.252,170.70404913362586,3221.1996822986284,,,,
1.262,170.90160612006173,3240.6231252121825,,,,
1.272,171.10303325523344,3259.3421582538035,,,,
1.282,171.30899827436184,3277.653065901798,,,,
1.292,171.51871875731695,3294.6549879946524,,,,
1.302,171.7313627611253,3311.295105379401,,,,
1.312,171.94746961797154,3327.2454582267096,,,,
1.322,172.16684211958298,3342.514149967651,,,,
1.332,172.3892690159808,3357.098804805956,,,,
1.342,172.6144656728449,3371.0738407959975,,,,
1.352,172.8421185097049,3384.3782390054985,,,,
1.362,173.07192899054021,3397.0602947723223,,,,
1.372,173.30355515190502,3409.1355629360487,,,,
1.382,173.53663582277468,3420.61733554682,,,,
1.392,173.7707938455416,3431.526901685166,,,,
1.402,174.00564097636405,3441.8894369152863,,,,
1.412,174.24078158638682,3451.723019347312,,,,
1.422,174.47581542445224,3461.049189765639,,,,
1.432,174.7103419206736,3469.8918410488973,,,,
1.442,174.94396383602884,3478.27493567371,,,,
1.452,175.17629083710392,3486.221873532591,,,,
1.462,175.40694284281594,3493.757976219066,,,,
1.472,175.6355745621893,3500.8994978138658,,,,
1.482,175.86181437250445,3507.704172853306,,,,
1.492,176.08530966564,3514.1570596890924,,,,
1.502,176.3057722887105,3520.300557681879,,,,
1.512,176.52291679496983,3526.1586106913574,,,,
1.522,176.73648351649598,3531.7560082771297,,,,
1.532,176.94624018004043,3537.1177436625367,,,,
1.542,177.15198329980612,3542.2667423008666,,,,
1.552,177.35353923034387,3547.226176924775,,,,
1.562,177.55076487437742,3552.0194142348464,,,,
1.572,177.74354816020224,3556.667435482782,,,,
1.582,177.9318082131977,3561.1909118868566,,,,
1.592,178.11549520169393,3565.610683109937,,,,
1.602,178.29458994587074,3569.9450031725737,,,,
1.612,178.46910327099144,3574.2113109494103,,,,
1.622,178.6390750844333,3578.4270874303456,,,,
1.632,178.8045732459742,3582.607397628686,,,,
1.642,178.96569224989344,3586.765829076948,,,,
1.652,179.12255167649766,3590.916060181402,,,,
1.662,179.27529449103676,3595.0694637764245,,,,
1.672,179.4260684903938,3599.2152329810533,,,,
1.682,179.5730725493662,3603.4395936541555,,,,
1.692,179.71452492169283,3607.649352404278,,,,
1.702,179.85262684350275,3611.8981921696177,,,,
1.712,179.98760824167263,3616.188003803897,,,,
1.722,180.11971095408217,3620.520337221211,,,,
1.732,180.24918493634556,3624.9006360745407,,,,
1.742,180.37628671285447,3629.329726266622,,,,
1.752,180.501277195981,3633.805113735649,,,,
1.762,180.62441944108912,3638.3271958606474,,,,
1.772,180.7459766480789,3642.8946189160115,,,,
1.782,180.86621023922564,3647.5031274301828,,,,
1.792,180.98537789878063,3652.1485243766333,,,,
1.802,181.10373182880988,3656.8278612914983,,,,
1.812,181.22151720527307,3661.5359063086858,,,,
1.822,181.33897061866412,3666.2646010719595,,,,
1.832,181.45631867840865,3671.0101155540324,,,,
1.842,181.5737769243288,3675.767010746474,,,,
1.852,181.69154874041928,3680.5243639401588,,,,
1.862,181.80982436142423,3685.278041824215,,,,
1.872,181.92878026940633,3690.0231452879234,,,,
1.882,182.04857860507215,3694.7468055459854,,,,
1.892,182.1693665889898,3699.44515867234,,,,
1.902,182.29127638795984,3704.1143328496973,,,,
1.912,182.4144249858325,3708.739542425067,,,,
1.922,182.53891402080612,3713.3203591971846,,,,
1.932,182.66483010400844,3717.8514720744674,,,,
1.942,182.79224507007743,3722.3192896504434,,,,
1.952,182.9212161295619,3726.722932503065,,,,
1.962,183.05178852700578,3731.05573644963,,,,
1.972,183.18399225552344,3735.314902545668,,,,
1.982,183.31784248059057,3739.492679509235,,,,
1.992,183.45334418707307,3743.585015115157,,,,
2.002,183.59049109109662,3747.588274448676,,,,
2.012,183.72926654893035,3751.497619427818,,,,
2.022,183.869644426628,3755.3098063099756,,,,
2.032,184.01158999202767,3759.022610014388,,,,
2.042,184.15506092739432,3762.6320763883823,,,,
2.052,184.30000828693454,3766.1359825008967,,,,
2.062,184.4463774266274,3769.5332642953995,,,,
2.072,184.59410903216514,3772.821103621628,,,,
2.082,184.74314008277298,3775.997978335354,,,,
2.092,184.89340474210044,3779.0639302258423,,,,
2.102,185.0448353242664,3782.017257922331,,,,
2.112,185.1973631952973,3784.8570490293605,,,,
2.122,185.350919563672,3787.5843366768654,,,,
2.132,185.5054339714457,3790.198293364915,,,,
2.142,185.66083974825318,3792.6993379231826,,,,
2.152,185.81707478011728,3795.0900346607177,,,,
2.162,185.97407739924728,3797.3648404260375,,,,
2.172,186.13178919288976,3799.531543011034,,,,
2.182,186.29015571513014,3801.5901447352803,,,,
2.192,186.44912696977477,3803.540790013477,,,,
2.202,186.60865767881648,3805.3851815265307,,,,
2.212,186.76870768318727,3807.127875709839,,,,
2.222,186.92924225998814,3808.769011634531,,,,
2.232,187.09023222459058,3810.309806912369,,,,
2.242,187.25165410837482,3811.7572758264355,,,,
2.252,187.4134903342308,3813.1117191619323,,,,
2.262,187.57572911215377,3814.3738447044907,,,,
2.272,187.738364429029,3815.554290706158,,,,
2.282,187.90139605992857,3816.649462012209,,,,
2.292,188.06482924075928,3817.663739842796,,,,
2.302,188.2286745320929,3818.607790124488,,,,
2.312,188.39294774335653,3819.47952505038,,,,
2.322,188.55766943688894,3820.281957126347,,,,
2.332,188.72286461129352,3821.026952518888,,,,
2.342,188.88856254144193,3821.7140761464507,,,,
2.352,189.0547962071208,3822.3449349124626,,,,
2.362,189.22160183055382,3822.9320350328753,,,,
2.372,189.38901865722454,3823.476778798514,,,,
2.382,189.5570883569715,3823.9793878798923,,,,
2.392,189.72585445622983,3824.4523574090485,,,,
2.402,189.89536208526175,3824.8989869875504,,,,
2.412,190.06565739836788,3825.3181558380193,,,,
2.422,190.23678694407437,3825.721732621856,,,,
2.432,190.40879740245455,3826.1147647602825,,,,
2.442,190.58173506594525,3826.49506389738,,,,
2.452,190.75564519000855,3826.87320485034,,,,
2.462,190.93057174058987,3827.2558159878618,,,,
2.472,191.10655696991586,3827.6397978048876,,,,
2.482,191.28364078747327,3828.033944644003,,,,
2.492,191.46186053239,3828.4461444867043,,,,
2.502,191.64124649322093,3828.8770330516663,,,,
2.512,191.82183392103164,3829.3158284535675,,,,
2.522,192.00365455608699,3829.794149293957,,,,
2.532,192.18672783634418,3830.2978088144255,,,,
2.542,192.37107291119386,3830.83109375829,,,,
2.552,192.5567045342883,3831.403311659503,,,,
2.562,192.74363299131412,3832.010602871581,,,,
2.572,192.9318637105378,3832.6545610361113,,,,
2.582,193.1213971461533,3833.344488331685,,,,
2.592,193.31222887325416,3834.076943638076,,,,
2.602,193.50434932246952,3834.8509286314693,,,,
2.612,193.69774370296244,3835.6754367353997,,,,
2.622,193.89239221544912,3836.5477823832275,,,,
2.632,194.08826991547065,3837.464640783946,,,,
2.642,194.28534666942863,3838.434288889818,,,,
2.652,194.4835874624791,3839.4551316780294,,,,
2.662,194.6829523893026,3840.521874042747,,,,
2.672,194.88339663663965,3841.6417377945686,,,,
2.682,195.08487085915257,3842.814465484629,,,,
2.692,195.2873212907171,3844.0332593674148,,,,
2.702,195.489287597137,3845.281182955774,,,,
2.712,195.69211830784113,3846.6245268617886,,,,
2.722,195.89714909577378,3847.9897175502274,,,,
2.732,196.10289963504675,3849.4048559734442,,,,
2.742,196.30929743737744,3850.8728146192075,,,,
2.752,196.51626632684923,3852.3851717485068,,,,
2.762,196.7237271533004,3853.944733738243,,,,
2.772,196.93159818752648,3855.555929500568,,,,
2.782,197.13979549866377,3857.210531730486,,,,
2.792,197.34823297585106,3858.9094636226455,,,,
2.802,197.5568226918919,3860.658527154956,,,,
2.812,197.76547534130975,3862.45023678917,,,,
2.822,197.9741002761806,3864.283675437626,,,,
2.832,198.18260580802297,3866.165690358904,,,,
2.842,198.3908996744167,3868.090058810205,,,,
2.852,198.5988890842609,3870.0540782217477,,,,
2.862,198.80648093975475,3872.065293743377,,,,
2.872,199.01358230514643,3874.119089002912,,,,
2.882,199.22010046174296,3876.211222069467,,,,
2.892,199.42594304117327,3878.349410860881,,,,
2.902,199.6310184732299,3880.530955419124,,,,
2.912,199.83523605300599,3882.75025330631,,,,
2.922,200.03850598433695,3885.0147584166234,,,,
2.932,200.2407397869607,3887.3237820274558,,,,
2.942,200.44185037878265,3889.67069842157,,,,
2.952,200.64175203485095,3892.0622087842594,,,,
2.962,200.84036073758853,3894.499593548036,,,,
2.972,201.0375942770974,3896.9755675930974,,,,
2.982,201.2333721366773,3899.4955941674607,,,,
2.992,201.4276157739225,3902.062858166736,,,,
3.002,201.62024874114377,3904.669708877498,,,,
3.012,201.81119651286315,3907.3200147134676,,,,
3.022,202.0003866899309,3910.0185570658664,,,,
3.032,202.18774914106945,3912.7577339420986,,,,
3.042,202.37321579099432,3915.5394996316227,,,,
3.052,202.5567207439667,3918.369857121278,,,,
3.062,202.73820044580964,3921.2416156368145,,,,
3.072,202.9175934530428,3924.1546108756556,,,,
3.082,203.09484047656787,3927.1156115019967,,,,
3.092,203.26988456174203,3930.1181691328848,,,,
3.102,203.4426708591113,3933.1599039020616,,,,
3.112,203.6131465926887,3936.2478519175843,,,,
3.122,203.78126125378122,3939.3765698487214,,,,
3.132,203.94696639282145,3942.541522057225,,,,
3.142,204.11023143004275,3945.752338101734,,,,
3.152,204.2709959777068,3948.9938107292355,,,,
3.162,204.42920189640896,3952.2733210921842,,,,
3.172,204.58482480298244,3955.5908248475725,,,,
3.182,204.73782616293965,3958.943548607099,,,,
3.192,204.88816939393752,3962.323245135037,,,,
3.202,205.0358196420996,3965.734646294095,,,,
3.212,205.1807439705028,3969.176350992298,,,,
3.222,205.3229112988394,3972.638677967784,,,,
3.232,205.46229216981317,3976.1247242778913,,,,
3.242,205.5988589213868,3979.6344267152504,,,,
3.252,205.73258569370415,3983.157275430637,,,,
3.262,205.86344818050048,3986.694392089583,,,,
3.272,205.99142377363663,3990.246982553991,,,,
3.282,206.11649163605358,3993.8041785531877,,,,
3.292,206.23863245194326,3997.3649791885573,,,,
3.302,206.35782853399098,4000.93172598242,,,,
3.312,206.47406395707094,4004.493728371455,,,,
3.322,206.5873243206926,4008.0478748818387,,,,
3.332,206.69759681115528,4011.597337197725,,,,
3.342,206.80494075446876,4015.1257660490583,,,,
3.352,206.9092592339081,4018.649749574789,,,,
3.362,207.01047428179953,4022.151216696173,,,,
3.372,207.10866750151519,4025.6282642926926,,,,
3.382,207.20383448900245,4029.0741126161884,,,,
3.392,207.29597252551875,4032.492227307973,,,,
3.402,207.38508065177268,4035.875736760412,,,,
3.412,207.47115956558173,4039.216564924772,,,,
3.422,207.55421154565727,4042.518247087116,,,,
3.432,207.63424069894103,4045.7758746363515,,,,
3.442,207.71125288411486,4048.9804669311525,,,,
3.452,207.78525557512455,4052.1353227320096,,,,
3.462,207.85625809182574,4055.237614498963,,,,
3.472,207.92427156977215,4058.277920148349,,,,
3.482,207.98930877982122,4061.2589445869826,,,,
3.492,208.05138433326607,4064.1801451291312,,,,
3.502,208.11051470315908,4067.032052500133,,,,
3.512,208.16671801193752,4069.816589623576,,,,
3.522,208.2200141989664,4072.5353310051896,,,,
3.532,208.27043823369158,4075.174319045045,,,,
3.542,208.31800034073382,4077.7514747655355,,,,
3.552,208.36271253355704,4080.2509812173244,,,,
3.562,208.40461517863687,4082.6723000023694,,,,
3.572,208.44373716343043,4085.015164668779,,,,
3.582,208.48010904888565,4087.2847537415328,,,,
3.592,208.51376325966993,4089.474351139066,,,,
3.602,208.5447338566093,4091.5825456924194,,,,
3.612,208.57305653981035,4093.6158152111184,,,,
3.622,208.59876883629283,4095.5691148025944,,,,
3.632,208.6219098906376,4097.439877200966,,,,
3.642,208.6425204036962,4099.235419557611,,,,
3.652,208.660642836639,4100.952602675152,,,,
3.662,208.67632123359266,4102.587806654558,,,,
3.672,208.68960109942896,4104.148708247414,,,,
3.682,208.70052960803986,4105.634222003549,,,,
3.692,208.70915546766767,4107.039867051939,,,,
3.702,208.71552874398338,4108.373206024309,,,,
3.712,208.71970105917157,4109.635259711997,,,,
3.722,208.72172550746518,4110.820954812877,,,,
3.732,208.72259172988873,4111.970967527228,,,,
3.742,208.72140163212487,4112.974467423885,,,,
3.752,208.71727714370678,4113.950667927224,,,,
3.762,208.71122998794925,4114.860965708755,,,,
3.772,208.70331923501465,4115.710642928864,,,,
3.782,208.69360121267187,4116.487016587983,,,,
3.792,208.68214238736843,4117.22010458073,,,,
3.802,208.66901024921552,4117.888439948914,,,,
3.812,208.65426445188598,4118.498115356732,,,,
3.822,208.63797023946918,4119.052497678744,,,,
3.832,208.62019375173006,4119.559682211122,,,,
3.842,208.60100217690342,4120.015701665794,,,,
3.852,208.58046347525502,4120.422413037937,,,,
3.862,208.55864636029406,4120.788944529451,,,,
3.872,208.53562045622678,4121.112569468854,,,,
3.882,208.51145603825722,4121.393549779756,,,,
3.892,208.48622394542122,4121.641646035904,,,,
3.902,208.45999575567186,4121.855597521693,,,,
3.912,208.4328435553756,4122.034247304099,,,,
3.922,208.40483978491113,4122.187436583936,,,,
3.932,208.37605741721256,4122.315612117351,,,,
3.942,208.34656976673398,4122.416306291915,,,,
3.952,208.3164502728439,4122.4990203229645,,,,
3.962,208.28577266695288,4122.565949925317,,,,
3.972,208.2546108285299,4122.613620675926,,,,
3.982,208.2230385150128,4122.650706341797,,,,
3.992,208.19112950327025,4122.681136306239,,,,
4.002,208.15895749743288,4122.700680505941,,,,
4.012,208.12659581728053,4122.7168257276435,,,,
4.022,208.09411750132415,4122.735067150204,,,,
4.032,208.06159526819982,4122.750798926649,,,,
4.042,208.02910117832363,4122.769859667056,,,,
4.052,207.99670668848879,4122.79911463769,,,,
4.062,207.96448266546756,4122.833910168464,,,,
4.072,207.93249903746153,4122.878206015463,,,,
4.082,207.90082479330079,4122.93987146007,,,,
4.092,207.8695280441674,4123.014546311017,,,,
4.102,207.8386756824531,4123.104134469881,,,,
4.112,207.80833332232592,4123.217099540046,,,,
4.122,207.77856540288576,4123.349694845687,,,,
4.132,207.74943487198775,4123.501690287374,,,,
4.142,207.7210030688801,4123.6817043199535,,,,
4.152,207.69332985998352,4123.886860802017,,,,
4.162,207.66647336411057,4124.114880843085,,,,
4.172,207.64047584045045,4124.376354674547,,,,
4.182,207.61540582933114,4124.661842485708,,,,
4.192,207.59132976646174,4124.975664996335,,,,
4.202,207.56828383332777,4125.32210580068,,,,
4.212,207.54631624620308,4125.700657004339,,,,
4.222,207.5254730564032,4126.105547060005,,,,
4.232,207.5057978892445,4126.543044427978,,,,
4.242,207.48733211158807,4127.013989238992,,,,
4.252,207.4701147536089,4127.5113374214425,,,,
4.262,207.45418223752125,4128.039835047769,,,,
4.272,207.43956853313244,4128.601537565412,,,,
4.282,207.4263051578487,4129.18864142287,,,,
4.292,207.41442090010028,4129.804084610354,,,,
4.302,207.40394195230024,4130.451106918969,,,,
4.312,207.39489198768362,4131.121598851105,,,,
4.322,207.38729189368567,4131.816507678528,,,,
4.332,207.38115987323744,4132.540131812715,,,,
4.342,207.37651159270786,4133.284529339568,,,,
4.352,207.37335994015388,4134.048661143726,,,,
4.362,207.3717150881043,4134.837539624291,,,,
4.372,207.37087238398306,4135.6343613551935,,,,
4.382,207.37155578728186,4136.469092995538,,,,
4.392,207.37447959368018,4137.3131306129535,,,,
4.402,207.37892483585088,4138.171073623374,,,,
4.412,207.38488926434292,4139.037910489817,,,,
4.422,207.39236752664888,4139.919442533464,,,,
4.432,207.40135193696378,4140.810833004773,,,,
4.442,207.4118323906007,4141.705661363111,,,,
4.452,207.42379630054035,4142.609546564909,,,,
4.462,207.43722891548504,4143.51944801199,,,,
4.472,207.45211328687932,4144.427766062264,,,,
4.482,207.46843015515347,4145.339547144046,,,,
4.492,207.48615825815597,4146.253680394799,,,,
4.502,207.50527436260478,4147.161798252013,,,,
4.512,207.5257531143556,4148.068022160872,,,,
4.522,207.5475673243733,4148.973236957688,,,,
4.532,207.57068806673038,4149.868731701476,,,,
4.542,207.5950845049824,4150.757457769934,,,,
4.552,207.62072414113672,4151.64213151361,,,,
4.562,207.64757297628475,4152.514252578381,,,,
4.572,207.6755953251859,4153.375346893963,,,,
4.582,207.7047540150326,4154.229813376766,,,,
4.592,207.73501060057987,4155.069788023124,,,,
4.602,207.76632517955176,4155.895269187069,,,,
4.612,207.7986565310518,4156.712014112867,,,,
4.622,207.83196237398195,4157.513239204378,,,,
4.632,207.86619919605346,4158.297374485476,,,,
4.642,207.90132232557042,4159.0711707439505,,,,
4.652,207.93728621967114,4159.829288926395,,,,
4.662,207.97404431922638,4160.5686532208065,,,,
4.672,208.01154905206133,4161.29657488441,,,,
4.682,208.04975213614688,4162.00944723951,,,,
4.692,208.08860447145003,4162.702844982769,,,,
4.702,208.12805607707378,4163.384178135393,,,,
4.712,208.1680563939708,4164.0517614992705,,,,
4.722,208.20855422288537,4164.700061696687,,,,
4.732,208.24949760210836,4165.336125184494,,,,
4.742,208.290834094594,4165.96026777738,,,,
4.752,208.33251077860783,4166.566160263687,,,,
4.762,208.37447407654258,4167.160048856847,,,,
4.772,208.41667001246978,4167.744219629475,,,,
4.782,208.45904425912065,4168.311907931502,,,,
4.792,208.5015419312637,4168.868180989752,,,,
4.802,208.54410780164204,4169.417140089825,,,,
4.812,208.58668515348305,4169.955192389382,,,,
4.822,208.62921936839732,4170.473202567061,,,,
4.832,208.67165566824846,4170.99333956894,,,,
4.842,208.71393647054464,4171.501948498676,,,,
4.852,208.7560048983014,4172.000993010459,,,,
4.862,208.79780388696986,4172.497408130327,,,,
4.872,208.83927633231735,4172.98553264114,,,,
4.882,208.88036486896567,4173.465445645123,,,,
4.892,208.92101191324952,4173.944869206297,,,,
4.902,208.96115990338512,4174.419205069882,,,,
4.912,209.00075111193811,4174.886705048066,,,,
4.922,209.03972763142147,4175.355442175034,,,,
4.932,209.07803164342147,4175.822171241962,,,,
4.942,209.11560527644463,4176.2834352327145,,,,
4.952,209.15239053647764,4176.747187786319,,,,
4.962,209.18832959066282,4177.211755565102,,,,
4.972,209.22336468087434,4177.672151994027,,,,
4.982,209.2574380057566,4178.135761710645,,,,
4.992,209.29049200441474,4178.6025525221075,,,,
5.002,209.3224693331354,4179.066380626834,,,,
5.012,209.35218793177455,4179.535430691749,,,,
5.022,209.38072471533684,4180.010367002038,,,,
5.032,209.4091474990474,4180.4764547413,,,,
5.042,209.43626607777367,4180.945940051695,,,,
5.052,209.46202486131816,4181.4219303772425,,,,
5.062,209.48636831376612,4181.896928869524,,,,
5.072,209.50924126502758,4182.3742535498,,,,
5.082,209.53058910555575,4182.858551485124,,,,
5.092,209.55035795523645,4183.342368536001,,,,
5.102,209.56849446020053,4183.827121544838,,,,
5.112,209.5849459468724,4184.318584329112,,,,
5.122,209.59966065245348,4184.809785290083,,,,
5.132,209.61258754032494,4185.30015447462,,,,
5.142,209.623676399044,4185.796244555348,,,,
5.152,209.63287811667357,4186.291984737352,,,,
5.162,209.6401445235191,4186.784822950677,,,,
5.172,209.645428429411,4187.281716747152,,,,
5.182,209.64868392545657,4187.777823253027,,,,
5.192,209.64986626392295,4188.268798713665,,,,
5.202,209.64893183267776,4188.761531636154,,,,
5.212,209.64583846766442,4189.252701001245,,,,
5.222,209.6405453784073,4189.7363948934535,,,,
5.232,209.6330130627471,4190.219027036686,,,,
5.242,209.62320361303085,4190.698971838602,,,,
5.252,209.61108069314184,4191.169071691576,,,,
5.262,209.59660940023167,4191.634865395757,,,,
5.272,209.57975654799705,4192.096491030523,,,,
5.282,209.56049069801324,4192.545949982398,,,,
5.292,209.53878197814947,4192.987546722975,,,,
5.302,209.51460232753317,4193.423143709335,,,,
5.312,209.48792558161222,4193.84434612257,,,,
5.322,209.4587272593255,4194.253935662242,,,,
5.332,209.42698475645102,4194.655352728491,,,,
5.342,209.39267748048186,4195.040269783454,,,,
5.352,209.355786620281,4195.409743560596,,,,
5.362,209.31629527736803,4195.768548091293,,,,
5.372,209.27418864353052,4196.1089144609305,,,,
5.382,209.2294537675492,4196.429993909878,,,,
5.392,209.18207961753532,4196.737611064526,,,,
5.402,209.13183758587923,4197.033305841879,,,,
5.412,209.0789357087537,4197.294840304015,,,,
5.422,209.0235887393966,4197.546453056745,,,,
5.432,208.96557898267585,4197.775818899629,,,,
5.442,208.9049056414389,4197.978758021448,,,,
5.452,208.8415776763438,4198.163959294511,,,,
5.462,208.77558991094858,4198.3202669495,,,,
5.472,208.7069392529773,4198.449569066118,,,,
5.482,208.6356405418763,4198.555304387613,,,,
5.492,208.56170242149076,4198.6353085740775,,,,
5.502,208.48513544507034,4198.6827462057945,,,,
5.512,208.40595186082874,4198.703090950796,,,,
5.522,208.32416581543106,4198.695973150425,,,,
5.532,208.23979329136807,4198.653732978436,,,,
5.542,208.15285185700532,4198.580812307887,,,,
5.552,208.06336083611467,4198.478609614826,,,,
5.562,207.97134129993339,4198.339044692004,,,,
5.572,207.87681578619487,4198.165212224053,,,,
5.582,207.779808425051,4197.960146205044,,,,
5.592,207.6803449863741,4197.715776375647,,,,
5.602,207.57845258403003,4197.433605304569,,,,
5.612,207.47415974973046,4197.118096392405,,,,
5.622,207.36749653166666,4196.761612083939,,,,
5.632,207.25849420014168,4196.363947292108,,,,
5.642,207.14718526333786,4195.93064162367,,,,
5.652,207.03360361007833,4195.454919976981,,,,
5.662,206.91778423279598,4194.934825370819,,,,
5.672,206.7997631822644,4194.376624362205,,,,
5.682,206.67957774411104,4193.77475603108,,,,
5.692,206.55726619378052,4193.125585911874,,,,
5.702,206.4328676907462,4192.435696506388,,,,
5.712,206.30642247621694,4191.701035791917,,,,
5.722,206.17797167268716,4190.916470309253,,,,
5.732,206.04755712154622,4190.0884730193375,,,,
5.742,205.91522158794743,4189.214711430306,,,,
5.752,205.78100861481715,4188.288826001913,,,,
5.762,205.64496231112506,4187.31676632227,,,,
5.772,205.50712754920585,4186.298033849613,,,,
5.782,205.36754987950982,4185.225395445697,,,,
5.792,205.2262752795933,4184.103896354017,,,,
5.802,205.0833503296363,4182.934896236123,,,,
5.812,204.93882219069974,4181.710688526984,,,,
5.822,204.7927383267845,4180.43510873181,,,,
5.832,204.64514664536478,4179.11126168589,,,,
5.842,204.49609147384848,4177.733001448265,,,,
5.852,204.34562544291447,4176.29868712684,,,,
5.862,204.1938014752858,4174.8161955051455,,,,
5.872,204.04066477005455,4173.277554217224,,,,
5.882,203.88626468760145,4171.683524745953,,,,
5.892,203.73065072698822,4170.040072723668,,,,
5.902,203.57387266757794,4168.340808038072,,,,
5.912,203.41598029791692,4166.584868501181,,,,
5.922,203.25702339691156,4164.779182405429,,,,
5.932,203.09705191887755,4162.9186419291345,,,,
5.942,202.93611575190766,4161.000815122015,,,,
5.952,202.7742646378274,4159.033199131264,,,,
5.962,202.61154838122962,4157.012296027491,,,,
5.972,202.4480166500363,4154.934270407028,,,,
5.982,202.2837188368938,4152.806770818729,,,,
5.992,202.11870427756406,4150.628173965262,,,,
6.002,201.95302210347486,4148.393456956514,,,,
6.012,201.7867210506801,4146.110021566285,,,,
6.022,201.61984967245016,4143.778215067659,,,,
6.032,201.4524562505335,4141.392249440251,,,,
6.042,201.28462657406854,4138.97543535841,,,,
6.052,201.11636447142484,4136.4844577853655,,,,
6.062,200.9476788219107,4133.951183054941,,,,
6.072,200.77865947329337,4131.372482944636,,,,
6.082,200.60935234899796,4128.752520812437,,,,
6.092,200.43980298206458,4126.085353452492,,,,
6.102,200.27005624862534,4123.375308274317,,,,
6.112,200.10015646505357,4120.6282670511355,,,,
6.122,199.93014747126423,4117.838692888839,,,,
6.132,199.7600723518042,4115.009451969054,,,,
6.142,199.58997349382156,4112.147824888822,,,,
6.152,199.41989272747628,4109.2490820537205,,,,
6.162,199.24987106491906,4106.314527626687,,,,
6.172,199.07994870435402,4103.3524816234585,,,,
6.182,198.91016521153338,4100.359385581996,,,,
6.192,198.74055928672558,4097.334940489938,,,,
6.202,198.57116871076732,4094.288109661771,,,,
6.212,198.40203055376756,4091.216757409456,,,,
6.222,198.2331809815524,4088.1191222221764,,,,
6.232,198.06465514519684,4085.004286979634,,,,
6.242,197.89648740314587,4081.8717646161986,,,,
6.252,197.7287111776334,4078.718468356691,,,,
6.262,197.5613587934376,4075.5531549430834,,,,
6.272,197.39446169922508,4072.3770714976054,,,,
6.282,197.22805038160948,4069.1860538486662,,,,
6.292,197.06215416226107,4065.9880737589137,,,,
6.302,196.8968014047667,4062.7861038578067,,,,
6.312,196.73201949077605,4059.575211065648,,,,
6.322,196.56783458721466,4056.3621681794875,,,,
6.332,196.40427182600394,4053.1515588308152,,,,
6.342,196.24135534316872,4049.938033689815,,,,
6.352,196.07910802975002,4046.7268205061077,,,,
6.362,195.91755167347392,4043.52390006513,,,,
6.372,195.75670705805473,4040.323881375093,,,,
6.382,195.5965937124981,4037.130189531453,,,,
6.392,195.43723000626574,4033.949901336451,,,,
6.402,195.27863330255076,4030.7779577234887,,,,
6.412,195.1208197208269,4027.6158269512325,,,,
6.422,194.96380418001155,4024.4713108761325,,,,
6.432,194.80760059642904,4021.340030266624,,,,
6.442,194.65222167375572,4018.2214599763106,,,,
6.452,194.49767889208735,4015.1236263865007,,,,
6.462,194.34398273881695,4012.043292836078,,,,
6.472,194.1911425383089,4008.977925903462,,,,
6.482,194.03915820514538,4005.941301490131,,,,
6.492,193.8880451603364,4002.9121846658118,,,,
6.502,193.73781770831636,3999.9074179615372,,,,
6.512,193.58847240674984,3996.9264960955934,,,,
6.522,193.44001304704767,3993.968697459231,,,,
6.532,193.29244244911348,3991.028375248884,,,,
6.542,193.14576227173688,3988.111951726783,,,,
6.552,192.99997325583416,3985.220129235773,,,,
6.562,192.85507522244856,3982.346145089272,,,,
6.572,192.71106688640606,3979.4950627927783,,,,
6.582,192.56794607773068,3976.6690194800494,,,,
6.592,192.42570980323606,3973.860568853589,,,,
6.602,192.28435404210458,3971.073139120189,,,,
6.612,192.1438739323849,3968.3101946337774,,,,
6.622,192.00426389230861,3965.564064904504,,,,
6.632,191.86551741043814,3962.8363376013963,,,,
6.642,191.72762718702094,3960.1316354692017,,,,
6.652,191.59058530825612,3957.4425146376198,,,,
6.662,191.45438304435473,3954.7686614944723,,,,
6.672,191.3190109386554,3952.1155302968314,,,,
6.682,191.1844590260542,3949.476409618005,,,,
6.692,191.0507166510962,3946.848979268506,,,,
6.702,190.91777249969195,3944.239332087155,,,,
6.712,190.78561485028632,3941.641763129585,,,,
6.722,190.6542314263305,3939.0522899238636,,,,
6.732,190.52360937202425,3936.477063285264,,,,
6.742,190.39373551942546,3933.9118181036647,,,,
6.752,190.26459628309595,3931.3510269123744,,,,
6.762,190.13617758374045,3928.800626882827,,,,
6.772,190.0084651186603,3926.257995311472,,,,
6.782,189.8814443064893,3923.7163741411287,,,,
6.792,189.7551001639236,3921.1811169217053,,,,
6.802,189.6294175649617,3918.6513796451836,,,,
6.812,189.50438124010412,3916.119557945331,,,,
6.822,189.37997561521314,3913.590078165034,,,,
6.832,189.2561850457314,3911.0639204256754,,,,
6.842,189.1329938714554,3908.5330490373763,,,,
6.852,189.01038622872113,3906.000696766074,,,,
6.862,188.8883462471632,3903.4696312493306,,,,
6.872,188.76685901317518,3900.9354574082518,,,,
6.882,188.64590786145925,3898.387085162686,,,,
6.892,188.52547622927156,3895.8438561186463,,,,
6.902,188.40554935124493,3893.292283179688,,,,
6.912,188.28611153885413,3890.7326791586647,,,,
6.922,188.1671472503936,3888.1705625178156,,,,
6.932,188.04864124946835,3885.599382920098,,,,
6.942,187.93057841159998,3883.01783810016,,,,
6.952,187.8129437589362,3880.4323466813066,,,,
6.962,187.69572268363072,3877.837632849657,,,,
6.972,187.5789007814758,3875.230869863176,,,,
6.982,187.4624638290736,3872.618988059239,,,,
6.992,187.34639802524214,3869.998288907216,,,,
7.002,187.23068986097903,3867.3645813219027,,,,
7.012,187.11532604088,3864.724883324904,,,,
7.022,187.00029372848826,3862.077301712289,,,,
7.032,186.88558046055024,3859.416478046809,,,,
7.042,186.77117401842045,3856.749110416026,,,,
7.052,186.65706266365152,3854.0751664996537,,,,
7.062,186.54323510196406,3851.3885155796643,,,,
7.072,186.42927846856577,3848.698585665927,,,,
7.082,186.31558860148675,3846.001044668573,,,,
7.092,186.20255722957094,3843.287919684378,,,,
7.102,186.08976823766622,3840.56826494163,,,,
7.112,185.9772123897928,3837.8456988009866,,,,
7.122,185.86488683929122,3835.1165430677383,,,,
7.132,185.75277721079337,3832.3742249170027,,,,
7.142,185.6408696437805,3829.6351529217336,,,,
7.152,185.52916272426,3826.8886725849884,,,,
7.162,185.417649408103,3824.136676512455,,,,
7.172,185.3063231223474,3821.3855985179243,,,,
7.182,185.19517790493447,3818.629747242344,,,,
7.192,185.08420819047467,3815.8692840030053,,,,
7.202,184.9734088402962,3813.1114987424867,,,,
7.212,184.86277533685313,3810.3517552326553,,,,
7.222,184.75230359359813,3807.588472076761,,,,
7.232,184.64198992855324,3804.8293993608486,,,,
7.242,184.5318312798649,3802.071213860997,,,,
7.252,184.42182504870624,3799.310749397577,,,,
7.262,184.3119690171211,3796.5557128188934,,,,
7.272,184.20226157159456,3793.8043235372165,,,,
7.282,184.09270158805316,3791.051996754598,,,,
7.292,183.98328829888484,3788.305973688549,,,,
7.302,183.8740215109698,3785.5661116275623,,,,
7.312,183.76490153944854,3782.826698762279,,,,
7.322,183.65592903228287,3780.0940829831416,,,,
7.332,183.54710517008778,3777.3697731829407,,,,
7.342,183.43843165231192,3774.6472723836437,,,,
7.352,183.32991048992756,3771.9316680080187,,,,
7.362,183.22154417555547,3769.226032852484,,,,
7.372,183.11333572257735,3766.5234769298095,,,,
7.382,183.00528843824247,3763.8275323195085,,,,
7.392,182.89740605426965,3761.1426543040525,,,,
7.402,182.7896928164435,3758.4619733753034,,,,
7.412,182.6821532514983,3755.78726322308,,,,
7.422,182.5747922502948,3753.1240972807173,,,,
7.432,182.4676152022887,3750.4660365154327,,,,
7.442,182.36062777008107,3747.8129964046475,,,,
7.452,182.25383592035826,3745.1713368089995,,,,
7.462,182.14724609482204,3742.535430580684,,,,
7.472,182.0408650053945,3739.9033464317436,,,,
7.482,181.93469961110065,3737.281848966191,,,,
7.492,181.82875731492402,3734.6664570009875,,,,
7.502,181.7230457914207,3732.053504460725,,,,
7.512,181.61757755825946,3729.4519796742225,,,,
7.522,181.5123562354383,3726.853264714306,,,,
7.532,181.40738566608053,3724.2563637395715,,,,
7.542,181.30267917349278,3721.6668692188596,,,,
7.552,181.19824586308852,3719.083249924088,,,,
7.562,181.09409510773736,3716.499102621877,,,,
7.572,180.9902363915648,3713.920001240305,,,,
7.582,180.88667951255442,3711.3461041286146,,,,
7.592,180.78343455665697,3708.770186423726,,,,
7.602,180.6805117021769,3706.196709945424,,,,
7.612,180.5779213969081,3703.6274817776507,,,,
7.622,180.47567438578997,3701.0548718946834,,,,
7.632,180.3737814943272,3698.4819557761894,,,,
7.642,180.27225377054515,3695.912069238633,,,,
7.652,180.17110256458898,3693.337622276368,,,,
7.662,180.07033930410125,3690.7601015802306,,,,
7.672,179.96997559262985,3688.1841920157613,,,,
7.682,179.87002333601473,3685.6027744333887,,,,
7.692,179.7704945226958,3683.0156838675794,,,,
7.702,179.67140127257105,3680.428613568215,,,,
7.712,179.57340759489426,3677.834459554588,,,,
7.722,179.475876016235,3675.238948085238,,,,
7.732,179.37816785618298,3672.6398374317287,,,,
7.742,179.28094598680644,3670.0338500835733,,,,
7.752,179.18422311661308,3667.417699868978,,,,
7.762,179.08801232252827,3664.798113391653,,,,
7.772,178.99232692227594,3662.1716892598797,,,,
7.782,178.89718034991526,3659.5337073110322,,,,
7.792,178.80258605462262,3656.8908147441553,,,,
7.802,178.70855771702617,3654.241374737453,,,,
7.812,178.61510915942364,3651.579603845078,,,,
7.822,178.5222541928666,3648.911675722716,,,,
7.832,178.43000681876285,3646.2378138789218,,,,
7.842,178.3383811868965,3643.55152147876,,,,
7.852,178.24739140568235,3640.8581345584134,,,,
7.862,178.1570517208665,3638.1597458601327,,,,
7.872,178.06737652594865,3635.4495281282298,,,,
7.882,177.97838014831171,3632.7316940406045,,,,
7.892,177.89007699521642,3630.010061802208,,,,
7.902,177.8024816159995,3627.277927607098,,,,
7.912,177.7156084766742,3624.538141410292,,,,
7.922,177.6294720643585,3621.7960452768384,,,,
7.932,177.5440869968782,3619.0454678316382,,,,
7.942,177.45946779865272,3616.287750484588,,,,
7.952,177.37562895693887,3613.529482436141,,,,
7.962,177.29258507149962,3610.7654101856497,,,,
7.972,177.21035064435694,3607.995324431149,,,,
7.982,177.12894008408165,3605.226690654955,,,,
7.992,177.04836788587272,3602.4555207051744,,,,
8.002,176.9686484469126,3599.6801052160035,,,,
8.012,176.88979601805244,3596.9083777325623,,,,
8.022,176.81182490292022,3594.137887992716,,,,
8.032,176.73474930908765,3591.365571168083,,,,
8.042,176.6585832496618,3588.59939854184,,,,
8.052,176.58334074898687,3585.8386669474753,,,,
8.062,176.50903573769872,3583.0791398802753,,,,
8.072,176.43568190976302,3580.328420465136,,,,
8.082,176.3632929221017,3577.5875918170036,,,,
8.092,176.29188233900922,3574.8516367546745,,,,
8.102,176.2214634527085,3572.1273523805066,,,,
8.112,176.15204946460898,3569.4176025026536,,,,
8.122,176.08365348167686,3566.716907065789,,,,
8.132,176.0162883108461,3564.0309179366336,,,,
8.142,175.94996661081743,3561.364182874797,,,,
8.152,175.88469644842695,3558.71085902182,,,,
8.162,175.8204945450624,3556.077971630821,,,,
8.172,175.75737732014093,3553.466262283549,,,,
8.182,175.69535215141659,3550.8733267725033,,,,
8.192,175.63443068758124,3548.3017346502265,,,,
8.202,175.57462427871232,3545.7586160011588,,,,
8.212,175.5159441362137,3543.2393265406927,,,,
8.222,175.45840112527966,3540.7447814601437,,,,
8.232,175.40200578503226,3538.2829115916265,,,,
8.242,175.34676850064739,3535.8500925031612,,,,
8.252,175.29269931677283,3533.44552032115,,,,
8.262,175.2398079053815,3531.0775261466297,,,,
8.272,175.18810375931628,3528.7437350223854,,,,
8.282,175.13759603870844,3526.441784447902,,,,
8.292,175.0882934893654,3524.1799039163025,,,,
8.302,175.04020464660294,3521.9571912898155,,,,
8.312,174.99333772378017,3519.769879651712,,,,
8.322,174.9477004864433,3517.625694121366,,,,
8.332,174.90330045438608,3515.5252857048727,,,,
8.342,174.86014483859702,3513.4637791396326,,,,
8.352,174.81824037800806,3511.44793294193,,,,
8.362,174.7775935288626,3509.4800922739596,,,,
8.372,174.73821045486147,3507.5544710465406,,,,
8.382,174.7000968355704,3505.676639251848,,,,
8.392,174.66325802931226,3503.850281740849,,,,
8.402,174.62769911515477,3502.0693392211065,,,,
8.412,174.59342468789066,3500.337778347039,,,,
8.422,174.56043898712244,3498.6605699543943,,,,
8.432,174.52874598732555,3497.031647707905,,,,
8.442,174.4983491894356,3495.453219544475,,,,
8.452,174.46925170822553,3493.931275967564,,,,
8.462,174.44145640609798,3492.4601329935376,,,,
8.472,174.41496569359782,3491.0401404584895,,,,
8.482,174.3897815702569,3489.677976190953,,,,
8.492,174.3659057940266,3488.36869889838,,,,
8.502,174.34333970249878,3487.110802260862,,,,
8.512,174.32208420522863,3485.911275037115,,,,
8.522,174.30213997872855,3484.7662240357126,,,,
8.532,174.28350731892883,3483.672399661221,,,,
8.542,174.26618213900457,3482.636899499463,,,,
8.552,174.25016799247183,3481.6573235619053,,,,
8.562,174.23546807082082,3480.727633690024,,,,
8.572,174.22207728971335,3479.8551302341984,,,,
8.582,174.20999432623324,3479.0386209533476,,,,
8.592,174.19921755513744,3478.272052124837,,,,
8.602,174.1897449255177,3477.560929561525,,,,
8.612,174.1815741628662,3476.905586827055,,,,
8.622,174.17470275869812,3476.2990806104235,,,,
8.632,174.1691278061945,3475.745712367594,,,,
8.642,174.1648461795515,3475.2472896218987,,,,
8.652,174.1618545732464,3474.796374337216,,,,
8.662,174.1601493185328,3474.3957922310256,,,,
8.672,174.15972653068206,3474.0486951085013,,,,
8.682,174.1605821960445,3473.747572130901,,,,
8.692,174.1627119809844,3473.4935716713294,,,,
8.702,174.16611133914444,3473.291006247361,,,,
8.712,174.17077564136946,3473.1326996984603,,,,
8.722,174.17669998880277,3473.018061952304,,,,
8.732,174.18387927456973,3472.952223515923,,,,
8.742,174.19252811286748,3472.9052973432094,,,,
8.752,174.20242451641786,3472.94615421855,,,,
8.762,174.21334336400162,3473.011996153341,,,,
8.772,174.22549584628484,3473.1179377853896,,,,
8.782,174.23887618138212,3473.260035311197,,,,
8.792,174.2534784634371,3473.4441007257597,,,,
8.802,174.26929678572927,3473.6662728796537,,,,
8.812,174.28632513946167,3473.9209002829625,,,,
8.822,174.3045573335324,3474.213667951079,,,,
8.832,174.32398720697972,3474.5421661349083,,,,
8.842,174.34460856047744,3474.899814803548,,,,
8.852,174.36641503081708,3475.2915706970402,,,,
8.862,174.38940028827207,3475.716686184559,,,,
8.872,174.4135580087296,3476.1677678871342,,,,
8.882,174.43888171449004,3476.648812147515,,,,
8.892,174.46536495122982,3477.1607486790153,,,,
8.902,174.4930013080349,3477.695748806633,,,,
8.912,174.5217842360249,3478.256587042317,,,,
8.922,174.5517071960295,3478.8457322677814,,,,
8.932,174.58276372603927,3479.455376697221,,,,
8.942,174.61494724904156,3480.086852263058,,,,
8.952,174.6482511832643,3480.743987484012,,,,
8.962,174.68266905309724,3481.4194000383436,,,,
8.972,174.7181942976819,3482.1128601429655,,,,
8.982,174.75482033755085,3482.8292937872375,,,,
8.992,174.79254072235733,3483.562134509949,,,,
9.002,174.83134895154512,3484.309568112476,,,,
9.012,174.8712384937385,3485.07727733475,,,,
9.022,174.91220296248488,3485.859861650969,,,,
9.032,174.9542359595655,3486.653992857479,,,,
9.042,174.99733104627705,3487.4657326339893,,,,
9.052,175.0414819367902,3488.2911264612235,,,,
9.062,175.08668237329377,3489.125494564205,,,,
9.072,175.1329260511391,3489.9748803972698,,,,
9.082,175.1802068184299,3490.836971902196,,,,
9.092,175.22851859028745,3491.705982839196,,,,
9.102,175.27785523251873,3492.5875459067033,,,,
9.112,175.3282107557249,3493.4810932095556,,,,
9.122,175.37957927363743,3494.3800454936477,,,,
9.132,175.43195485236743,3495.289263659989,,,,
9.142,175.4853316876672,3496.209915784368,,,,
9.152,175.5397041096674,3497.1350021291682,,,,
9.162,175.59506640673885,3498.0682879841816,,,,
9.172,175.65141297553393,3499.012597738407,,,,
9.182,175.7087423302921,3499.9585171153094,,,,
9.192,175.76704502719582,3500.916905515739,,,,
9.202,175.82631163742627,3501.882024060832,,,,
9.212,175.886540872023,3502.8512408857837,,,,
9.222,175.94772754279515,3503.8254489212477,,,,
9.232,176.00986648303973,3504.8100908183305,,,,
9.242,176.0729527021903,3505.7992028325143,,,,
9.252,176.13698120068216,3506.7921406118066,,,,
9.262,176.20194699604917,3507.795197013513,,,,
9.272,176.26784528413037,3508.803493063778,,,,
9.282,176.33467127134392,3509.8148482537094,,,,
9.292,176.40242015149903,3510.836009056595,,,,
9.302,176.47108728594387,3511.8634516928155,,,,
9.312,176.54066806386726,3512.8935765664473,,,,
9.322,176.61115783184212,3513.933170559672,,,,
9.332,176.68255208256917,3514.9802715667765,,,,
9.342,176.7548463515871,3516.030049704444,,,,
9.352,176.82803610391954,3517.0889302532323,,,,
9.362,176.90211692029385,3518.156602474804,,,,
9.372,176.9770844362547,3519.2273240416002,,,,
9.382,177.0529341921937,3520.3067316368424,,,,
9.392,177.12966180651404,3521.39626337086,,,,
9.402,177.20726296129126,3522.489510960805,,,,
9.412,177.2857332240516,3523.5910685886442,,,,
9.422,177.3650681961326,3524.7038877832438,,,,
9.432,177.44526354475573,3525.821419226647,,,,
9.442,177.52631480889644,3526.9468699140907,,,,
9.452,177.60821751504577,3528.084603187992,,,,
9.462,177.69096725299102,3529.22824362484,,,,
9.472,177.77455947594524,3530.3794477171505,,,,
9.482,177.85898957648715,3531.543731327461,,,,
9.492,177.94425300203355,3532.715272924891,,,,
9.502,178.03034506087192,3533.894083921172,,,,
9.512,178.11726095365736,3535.0865063232764,,,,
9.522,178.2049959215361,3536.2876238715608,,,,
9.532,178.29354506938847,3537.4957957881657,,,,
9.542,178.3829033509063,3538.7178264280424,,,,
9.552,178.4730657404202,3539.949988265123,,,,
9.562,178.5640270836423,3541.1891120047235,,,,
9.572,178.65578516941252,3542.439341267585,,,,
9.582,178.74833150336138,3543.7083408961894,,,,
9.592,178.84165737636704,3544.97934170033,,,,
9.602,178.93576019640201,3546.26396604224,,,,
9.612,179.03063432267618,3547.561411119188,,,,
9.622,179.12627396581672,3548.8660607077645,,,,
9.632,179.22267308404952,3550.1836570548676,,,,
9.642,179.31982556496914,3551.5150449105713,,,,
9.652,179.41772520431084,3552.8538898144,,,,
9.662,179.51636554097172,3554.204875734853,,,,
9.672,179.61574001704196,3555.5704120607134,,,,
9.682,179.71584200305094,3556.9438122829215,,,,
9.692,179.81666461365123,3558.32841863293,,,,
9.702,179.9182008378424,3559.7280576517405,,,,
9.712,180.02044361019065,3561.1360869444616,,,,
9.722,180.12338561881143,3562.5542913449467,,,,
9.732,180.22701939855597,3563.9877215144115,,,,
9.742,180.33133744430788,3565.4301588430812,,,,
9.752,180.43633202285687,3566.881762494633,,,,
9.762,180.54199522369382,3568.3484409615944,,,,
9.772,180.64900124463998,3569.814958142253,,,,
9.782,180.75665969715072,3571.306329384287,,,,
9.792,180.86428037019664,3572.808848829121,,,,
9.802,180.97253711181168,3574.321481656233,,,,
9.812,181.08142111619136,3575.841285923339,,,,
9.822,181.19092368450148,3577.3748346462517,,,,
9.832,181.30103608055845,3578.9193439320497,,,,
9.842,181.41174942952028,3580.470251436972,,,,
9.852,181.52305463847838,3582.0339905459778,,,,
9.862,181.63494259555304,3583.609245582106,,,,
9.872,181.747404099045,3585.1905192159356,,,,
9.882,181.86042973375706,3586.783560593891,,,,
9.892,181.97401005753812,3588.388679607568,,,,
9.902,182.08813557114144,3589.9996000466535,,,,
9.912,182.20279656271094,3591.621115666184,,,,
9.922,182.31798327661593,3593.255166882706,,,,
9.932,182.433685930994,3594.895047067579,,,,
9.942,182.54989454163888,3596.5443353237624,,,,
9.952,182.66659906448677,3598.206437418745,,,,
9.962,182.783789460758,3599.8746636629085,,,,
9.972,182.90145551123837,3601.551141289735,,,,
9.982,183.01958692424108,3603.240569470438,,,,
9.992,183.1381734447047,3604.936647554052,,,,
10.002,183.25720467000855,3606.639939315249,,,,
10.012,183.3766701170303,3608.356149784075,,,,
10.022,183.49655936880555,3610.079747351129,,,,
10.032,183.61686190287213,3611.809699027286,,,,
10.042,183.73756711344305,3613.552382469172,,,,
10.052,183.85866448701125,3615.3033631401463,,,,
10.062,183.98014345352547,3617.0600756041285,,,,
10.072,184.1019933624198,3618.8291927633554,,,,
10.082,184.22420367688179,3620.6076422537826,,,,
10.092,184.34676385688044,3622.39148188418,,,,
10.102,184.46966329059376,3624.1872854112266,,,,
10.112,184.59289149599374,3625.9935269613798,,,,
10.122,184.71643804291864,3627.8051253829635,,,,
10.132,184.8402924441409,3629.628167362157,,,,
10.142,184.9644443525161,3631.4627661364643,,,,
10.152,185.08888352701922,3633.3030073111245,,,,
10.162,185.213599690131,3635.1541333767905,,,,
10.172,185.33858270907757,3637.0178883879794,,,,
10.182,185.46382260816836,3638.8878836986464,,,,
10.192,185.5893094012131,3640.768206273123,,,,
10.202,185.71503324632263,3642.662136963989,,,,
10.212,185.84098239720242,3644.5595740926383,,,,
10.222,185.96714927029174,3646.4754903638,,,,
10.232,186.09352641767424,3648.400500666101,,,,
10.242,186.22010253211687,3650.3338600333705,,,,
10.252,186.34686848378774,3652.27667687547,,,,
10.262,186.47381523991905,3654.2346248254953,,,,
10.272,186.6009340309307,3656.2021650689694,,,,
10.282,186.72821617401885,3658.1788255250817,,,,
10.292,186.85565310492217,3660.171026587399,,,,
10.302,186.98323654645523,3662.1742372597264,,,,
10.312,187.11095834951146,3664.18641194918,,,,
10.322,187.2388104756334,3666.214329156902,,,,
10.332,187.3667851843927,3668.2547311133685,,,,
10.342,187.494874902331,3670.3041203006865,,,,
10.352,187.62307215813735,3672.3692301315623,,,,
10.362,187.75136977838923,3674.4482855779775,,,,
10.372,187.87976079279372,3676.536516928001,,,,
10.382,188.0082383262269,3678.6402278390774,,,,
10.392,188.1367957915823,3680.7592008506454,,,,
10.402,188.26542683730497,3682.8877391370183,,,,
10.412,188.39438977882543,3685.021981408185,,,,
10.422,188.52341312327798,3687.184545568715,,,,
10.432,188.65222650929925,3689.351342891471,,,,
10.442,188.78108960879868,3691.5327190483854,,,,
10.452,188.90999689979668,3693.7315608026292,,,,
10.462,189.03894330270919,3695.941321421702,,,,
10.472,189.16792385603537,3698.1649458274724,,,,
10.482,189.2969338208926,3700.4066211029944,,,,
10.492,189.42596875594177,3702.6599316145052,,,,
10.502,189.5550243176953,3704.9262417514774,,,,
10.512,189.68409633958396,3707.210811387833,,,,
10.522,189.81318095617914,3709.507743042753,,,,
10.532,189.94227441551962,3711.8167442650047,,,,
10.542,190.07137311647892,3714.143834637275,,,,
10.552,190.20047376723252,3716.4839893925246,,,,
10.562,190.32957321551868,3718.8352573211846,,,,
10.572,190.45866843846585,3721.204070898539,,,,
10.582,190.58775672354187,3723.5865531191685,,,,
10.592,190.71683552532028,3725.97923823799,,,,
10.602,190.8459024073112,3728.3885482162655,,,,
10.612,190.9749552340607,3730.8119855261957,,,,
10.622,191.1039920626537,3733.244761022561,,,,
10.632,191.23301103975547,3735.6929062052327,,,,
10.642,191.36201059333598,3738.155444481168,,,,
10.652,191.4909893653865,3740.6265183618452,,,,
10.662,191.61994607025076,3743.1114079780637,,,,
10.672,191.7488796745645,3745.610696351352,,,,
10.682,191.87778937524448,3748.11780434315,,,,
10.692,192.0066744274653,3750.6369291477645,,,,
10.702,192.13553430204078,3753.1701628342726,,,,
10.712,192.26436871001135,3755.7105819855396,,,,
10.722,192.39317741038988,3758.261037208519,,,,
10.732,192.5219603354751,3760.8249876873906,,,,
10.742,192.6507176605258,3763.395561605036,,,,
10.752,192.77944960257753,3765.974051531829,,,,
10.762,192.90815650601814,3768.5651101894086,,,,
10.772,193.03683895305804,3771.1622843861555,,,,
10.782,193.16549756535375,3773.765267096416,,,,
10.792,193.2941330444816,3776.3795087252256,,,,
10.802,193.42274204975882,3778.9899465736635,,,,
10.812,193.5513247915268,3781.617712346657,,,,
10.822,193.67988662741266,3784.25418288599,,,,
10.832,193.80842969127454,3786.895661143598,,,,
10.842,193.9369553600715,3789.538710437443,,,,
10.852,194.06546586371397,3792.1863696807404,,,,
10.862,194.19396169729131,3794.844428615638,,,,
10.872,194.32244342782826,3797.499272543616,,,,
10.882,194.4509134575124,3800.1595886761293,,,,
10.892,194.57937336799674,3802.8237712857754,,,,
10.902,194.70782478333345,3805.4859906322,,,,
10.912,194.83626923991278,3808.151419423903,,,,
10.922,194.96470836241392,3810.820038016609,,,,
10.932,195.0931438227809,3813.4852726470126,,,,
10.942,195.2215771667479,3816.151336636789,,,,
10.952,195.35000997052256,3818.8198080374505,,,,
10.962,195.47844384780336,3821.483703491961,,,,
10.972,195.606880255397,3824.1460387863353,,,,
10.982,195.73532062216742,3826.8098025523896,,,,
10.992,195.86376640423728,3829.4680614232575,,,,
11.002,195.9922188813061,3832.122395234017,,,,
11.012,196.12067924990487,3834.7770473705377,,,,
11.022,196.24914872320045,3837.4254860078045,,,,
11.032,196.37762832966948,3840.067763888931,,,,
11.042,196.5061189644927,3842.7090823164235,,,,
11.052,196.63462152850448,3845.3437475975115,,,,
11.062,196.76313673925205,3847.970081778959,,,,
11.072,196.8916651349622,3850.594097386109,,,,
11.082,197.0202072448273,3853.2110788545974,,,,
11.092,197.14876342656078,3855.81804294992,,,,
11.102,197.27733382393112,3858.421098209081,,,,
11.112,197.40591855310487,3861.0169363021328,,,,
11.122,197.53451757316122,3863.601253486312,,,,
11.132,197.66313060041438,3866.180046144663,,,,
11.142,197.79175730202687,3868.751533206265,,,,
11.152,197.92039720742346,3871.3103314601603,,,,
11.162,198.0490495822853,3873.8619518672076,,,,
11.172,198.17771361746304,3876.4062275546603,,,,
11.182,198.30638838622457,3878.9370021005343,,,,
11.192,198.43507268490998,3881.458958209295,,,,
11.202,198.56376520543634,3883.9735373085914,,,,
11.212,198.6924645406275,3886.474161340646,,,,
11.222,198.82116900055618,3888.964395838977,,,,
11.232,198.94987675792157,3891.4471853084888,,,,
11.242,199.07858878655384,3893.912499707557,,,,
11.252,199.2073000303248,3896.3727772059383,,,,
11.262,199.33600523464,3898.822137019515,,,,
11.272,199.46470482452753,3901.2576354170083,,,,
11.282,199.5933960884945,3903.6800210759848,,,,
11.292,199.72207609741716,3906.0946066645156,,,,
11.302,199.85074184843157,3908.4958235970626,,,,
11.312,199.97939007440723,3910.882887066659,,,,
11.322,200.10801726217238,3913.2618338487887,,,,
11.332,200.23661981761035,3915.6281236045497,,,,
11.342,200.36519389587875,3917.979483866611,,,,
11.352,200.49373537086498,3920.3223098308063,,,,
11.362,200.6222400203404,3922.653352513447,,,,
11.372,200.7507033868057,3924.968985208556,,,,
11.382,200.87912069962368,3927.275653096537,,,,
11.392,201.00748706911676,3929.5713703307483,,,,
11.402,201.13579738642255,3931.851575350398,,,,
11.412,201.26404620273368,3934.1221623388883,,,,
11.422,201.39222792057694,3936.3829402157808,,,,
11.432,201.52033673858176,3938.6282883534554,,,,
11.442,201.6483668554548,3940.865942724642,,,,
11.452,201.77630693171668,3943.0822339375954,,,,
11.462,201.90415000355188,3945.29015604276,,,,
11.472,202.03189405450638,3947.487373339009,,,,
11.482,202.1595319313145,3949.6768407513446,,,,
11.492,202.28705635962126,3951.852164532009,,,,
11.502,202.4144597041804,3954.016222303534,,,,
11.512,202.541734076495,3956.1733084016205,,,,
11.522,202.668871418557,3958.317238329272,,,,
11.532,202.79586329427127,3960.4493770822246,,,,
11.542,202.92270096832092,3962.5751093442555,,,,
11.552,203.04937554113846,3964.6888431222037,,,,
11.562,203.17587775462331,3966.790365232856,,,,
11.572,203.30219802800684,3968.8858385478734,,,,
11.582,203.42832662951903,3970.9706111254477,,,,
11.592,203.5542535035902,3973.042891313751,,,,
11.602,203.67996825848013,3975.1092806517245,,,,
11.612,203.8054603626646,3977.166325544703,,,,
11.622,203.93071900285474,3979.2108151534853,,,,
11.632,204.05573302339258,3981.249358195767,,,,
11.642,204.18049113554437,3983.279925262792,,,,
11.652,204.30498181504973,3985.298070041765,,,,
11.662,204.4291931969737,3987.3100390078653,,,,
11.672,204.55311328577739,3989.3153508391747,,,,
11.682,204.6767298991097,3991.3085803750323,,,,
11.692,204.80003052472478,3993.2952534495935,,,,
11.702,204.923002519262,3995.276463737794,,,,
11.712,205.04563310234028,3997.246144855487,,,,
11.722,205.16790918447484,3999.208776300532,,,,
11.732,205.28981754314407,4001.1669640707555,,,,
11.742,205.411344868268,4003.1143678472326,,,,
11.752,205.53247757184147,4005.054161631236,,,,
11.762,205.65320193117867,4006.990311223293,,,,
11.772,205.77350418378336,4008.9165852072574,,,,
11.782,205.89337033055398,4010.834670944182,,,,
11.792,206.01278623802284,4012.749660806956,,,,
11.802,206.1317377776618,4014.655807777892,,,,
11.812,206.2502106349562,4016.553219978393,,,,
11.822,206.36819036488447,4018.447816335438,,,,
11.832,206.48566256803232,4020.334675550197,,,,
11.842,206.6026127175385,4022.212340733967,,,,
11.852,206.71902616484493,4024.087195756407,,,,
11.862,206.83488834276164,4025.9554534134204,,,,
11.872,206.95018462128516,4027.814160455573,,,,
11.882,207.06490085450136,4029.667334439746,,,,
11.892,207.17902181738316,4031.5199357980537,,,,
11.902,207.2925323017516,4033.3603805145913,,,,
11.912,207.40541820953115,4035.1972857380388,,,,
11.922,207.51766497628398,4037.0297193311353,,,,
11.932,207.6292581084981,4038.8523835880633,,,,
11.942,207.74018305741754,4040.6708462414636,,,,
11.952,207.85042543078995,4042.4857273561893,,,,
11.962,207.95997098146236,4044.2910067878092,,,,
11.972,208.06880544306415,4046.0912624898383,,,,
11.982,208.17691472003045,4047.888674299721,,,,
11.992,208.28428492734236,4049.676822745451,,,,
12.002,208.390902203881,4051.4590678312943,,,,
12.012,208.49675286969534,4053.238940666312,,,,
12.022,208.60182351521593,4055.010084142952,,,,
12.032,208.70610080390793,4056.7743986839723,,,,
12.042,208.80957158770553,4058.5366115706274,,,,
12.052,208.91222304094208,4060.290761443507,,,,
12.062,209.01404246452972,4062.0372079397775,,,,
12.072,209.11501735304853,4063.781564212793,,,,
12.082,209.2151355668256,4065.5186689352304,,,,
12.092,209.31438514898863,4067.2472120570405,,,,
12.102,209.41275433916067,4068.973475138747,,,,
12.112,209.51023177446203,4070.69329541918,,,,
12.122,209.60680633312313,4072.403976734068,,,,
12.132,209.70246709561025,4074.1118974691035,,,,
12.142,209.7972035601243,4075.8142395691657,,,,
12.152,209.89100552080657,4077.506980546381,,,,
12.162,209.98386297957123,4079.1963186423304,,,,
12.172,210.07576636540097,4080.8809134360818,,,,
12.182,210.16670645539008,4082.5556583438142,,,,
12.192,210.25667424171667,4084.2262036332236,,,,
12.202,210.34566114195897,4085.892764268269,,,,
12.212,210.43365896817596,4087.549455662358,,,,
12.222,210.5206597571453,4089.2010439713367,,,,
12.232,210.60665595935126,4090.8492885959313,,,,
12.242,210.6916404583842,4092.4878747266275,,,,
12.252,210.77560637474303,4094.120406663632,,,,
12.262,210.85854722233543,4095.7500734450573,,,,
12.272,210.94045549724734,4097.36896931905,,,,
12.282,211.0213268640077,4098.98358593521,,,,
12.292,211.1011574331921,4100.594583222203,,,,
12.302,211.17994086628298,4102.196940259248,,,,
12.312,211.25767248697895,4103.791394099845,,,,
12.322,211.33434796230895,4105.383357999058,,,,
12.332,211.4099634513517,4106.967492097274,,,,
12.342,211.48451540244423,4108.542975464475,,,,
12.352,211.5580005655005,4110.115870284299,,,,
12.362,211.6304161750828,4111.681837466303,,,,
12.372,211.70175977161702,4113.238559274052,,,,
12.382,211.77202916068163,4114.7923891551145,,,,
12.392,211.84122261559193,4116.340248135691,,,,
12.402,211.90933873274506,4117.878463971975,,,,
12.412,211.97637633971004,4119.413304421241,,,,
12.422,212.04233470488037,4120.943136198939,,,,
12.432,212.10721343542684,4122.4631510047675,,,,
12.442,212.17101233933337,4123.979155586944,,,,
12.452,212.2337316293997,4125.491053322034,,,,
12.462,212.2953718698284,4126.993199143777,,,,
12.472,212.35561399072452,4128.494128675387,,,,
12.482,212.41477631624326,4129.981263742481,,,,
12.492,212.47317987484308,4131.462410839493,,,,
12.502,212.53050894070398,4132.938193701653,,,,
12.512,212.58676553459048,4134.411469462763,,,,
12.522,212.64195190132088,4135.875947961795,,,,
12.532,212.69607044920608,4137.334127103513,,,,
12.542,212.7491238570605,4138.790373779265,,,,
12.552,212.80111517092507,4140.238528576593,,,,
12.562,212.85204757733183,4141.679694131359,,,,
12.572,212.90192447204183,4143.119073560364,,,,
12.582,212.9507496035769,4144.551187929226,,,,
12.592,212.99852686188655,4145.975592951935,,,,
12.602,213.0452603007064,4147.398211485276,,,,
12.612,213.09095431605937,4148.814493660168,,,,
12.622,213.1356134574215,4150.222454941814,,,,
12.632,213.17924239658248,4151.628411188441,,,,
12.642,213.22184612841892,4153.028987778995,,,,
12.652,213.26342981441073,4154.420829779125,,,,
12.662,213.30399869857533,4155.810222301671,,,,
12.672,213.34355831779388,4157.195186912639,,,,
12.682,213.38211438659445,4158.571178626114,,,,
12.692,213.41967266452812,4159.944100116478,,,,
12.702,213.45623916297984,4161.31348050258,,,,
12.712,213.49182007781033,4162.673848117065,,,,
12.722,213.52642161573903,4164.030375536991,,,,
12.732,213.56005018494687,4165.384122332423,,,,
12.742,213.5927123793321,4166.729020038927,,,,
12.752,213.62441477383453,4168.069201314758,,,,
12.762,213.65516408701342,4169.407189824386,,,,
12.772,213.6849672176062,4170.736680812235,,,,
12.782,213.71383102057888,4172.0605210968315,,,,
12.792,213.74176243147681,4173.382544783552,,,,
12.802,213.76876855280736,4174.696584565578,,,,
12.812,213.79485642375423,4176.004031953695,,,,
12.822,213.82003309833715,4177.309799768933,,,,
12.832,213.84430577612775,4178.608222861603,,,,
12.842,213.86768157895713,4179.899154347193,,,,
12.852,213.89016757769357,4181.18828979053,,,,
12.862,213.91177095908148,4182.470796194735,,,,
12.872,213.9324988223031,4183.74500820188,,,,
12.882,213.95235815225766,4185.0170499707165,,,,
12.892,213.97135601224915,4186.283215841521,,,,
12.902,213.98949937221295,4187.540396853623,,,,
12.912,214.00679441240788,4188.795497082835,,,,
12.922,214.02324860350993,4190.042805851702,,,,
12.932,214.0388693802758,4191.282829483855,,,,
12.942,214.0536626586345,4192.519157910678,,,,
12.952,214.06763488151074,4193.750927430491,,,,
12.962,214.08079242425757,4194.9728044105495,,,,
12.972,214.0931414042111,4196.190048599297,,,,
12.982,214.10468787454184,4197.403286133616,,,,
12.992,214.11543779513258,4198.606494863126,,,,
13.002,214.12539683064023,4199.803953465573,,,,
13.012,214.13457052206527,4200.9977590904855,,,,
13.022,214.14296431377147,4202.181563708881,,,,
13.032,214.1505833323008,4203.358411870452,,,,
13.042,214.15743252391582,4204.53174387956,,,,
13.052,214.16351673517028,4205.69526080529,,,,
13.062,214.1688404847973,4206.85057776312,,,,
13.072,214.17340805819066,4208.002289546887,,,,
13.082,214.17722363619626,4209.1445053372345,,,,
13.092,214.18029107319774,4210.277332299031,,,,
13.102,214.18261394237098,4211.406196839583,,,,
13.112,214.18419570475132,4212.5259829601255,,,,
13.122,214.18503950637447,4213.635259810243,,,,
13.132,214.18514817106853,4214.739984386903,,,,
13.142,214.18452439947134,4215.836094944814,,,,
13.152,214.1831705972726,4216.920716182543,,,,
13.162,214.18108881572644,4217.999959880587,,,,
13.172,214.17828096830064,4219.071059171965,,,,
13.182,214.17474869996568,4220.129851695148,,,,
13.192,214.1704932787202,4221.182239948765,,,,
13.202,214.16551581687114,4222.226905740377,,,,
13.212,214.1598171891036,4223.258640339326,,,,
13.222,214.15339788116646,4224.282778051505,,,,
13.232,214.146258202397,4225.299518948285,,,,
13.242,214.13839825740644,4226.302910298435,,,,
13.252,214.1298177607705,4227.297388971396,,,,
13.262,214.12051622795468,4228.284664091556,,,,
13.272,214.11049300229502,4229.258373508035,,,,
13.282,214.09974704662815,4230.221796062454,,,,
13.292,214.088277101102,4231.178016203996,,,,
13.302,214.0760817638868,4232.1206547292295,,,,
13.312,214.06315927211693,4233.051629139395,,,,
13.322,214.04950761706684,4233.975196199854,,,,
13.332,214.03512467386855,4234.885329245697,,,,
13.342,214.02000798487921,4235.7824436236715,,,,
13.352,214.00415482529573,4236.671748449187,,,,
13.362,213.98756237422958,4237.5478986392645,,,,
13.372,213.97022751351153,4238.409785057272,,,,
13.382,213.95214683983272,4239.2632279257805,,,,
13.392,213.93331686713506,4240.10388285147,,,,
13.402,213.913733853032,4240.929173036594,,,,
13.412,213.89339375678915,4241.745174143858,,,,
13.422,213.87229246113912,4242.548791512387,,,,
13.432,213.85042563691374,4243.336124548863,,,,
13.442,213.82778864947133,4244.113133412418,,,,
13.452,213.80437678689734,4244.87817210484,,,,
13.462,213.78018517122396,4245.626191537216,,,,
13.472,213.755208619074,4246.362694646492,,,,
13.482,213.72944186290115,4247.087525730647,,,,
13.492,213.70287951444618,4247.794869100799,,,,
13.502,213.67551588806924,4248.489398608385,,,,
13.512,213.64734520206486,4249.172446597257,,,,
13.522,213.61836159697057,4249.837745547426,,,,
13.532,213.58855893243827,4250.488848867669,,,,
13.542,213.55793095688045,4251.128539587237,,,,
13.552,213.52647137994978,4251.750411194055,,,,
13.562,213.49417365482557,4252.356665224922,,,,
13.572,213.46103110651896,4252.951402039851,,,,
13.582,213.4270370560364,4253.528440901715,,,,
13.592,213.39218460230688,4254.088549026358,,,,
13.602,213.35646670066527,4254.636759595345,,,,
13.612,213.3198763292277,4255.167538395858,,,,
13.622,213.28240628394371,4255.68012710751,,,,
13.632,213.24404920473654,4256.180250696267,,,,
13.642,213.2047977758252,4256.663320104405,,,,
13.652,213.16464454623974,4257.127052676833,,,,
13.662,213.12358190150556,4257.577547103069,,,,
13.672,213.08160228650647,4258.011391353956,,,,
13.682,213.03869806269483,4258.424966473464,,,,
13.692,212.9948614273676,4258.824309870002,,,,
13.702,212.95008464626343,4259.207413567653,,,,
13.712,212.90435995655295,4259.569490190021,,,,
13.722,212.85767943891824,4259.916180066521,,,,
13.732,212.8100352464519,4260.246976337133,,,,
13.742,212.7614195597644,4260.556203008722,,,,
13.752,212.71182441914175,4260.84871799164,,,,
13.762,212.66124193749752,4261.125645079633,,,,
13.772,212.60966431227712,4261.380638736505,,,,
13.782,212.55708362757903,4261.61757923708,,,,
13.792,212.50349203633937,4261.838939514813,,,,
13.802,212.44888182716178,4262.038273285024,,,,
13.812,212.3932452117905,4262.218138913004,,,,
13.822,212.3365744682095,4262.382309035678,,,,
13.832,212.27886205825922,4262.524505332884,,,,
13.842,212.22010041162144,4262.6458336294345,,,,
13.852,212.16028202107566,4262.751133017291,,,,
13.862,212.0993996055014,4262.8346565671845,,,,
13.872,212.0374459037041,4262.895979066764,,,,
13.882,211.97441371648748,4262.9407090798895,,,,
13.892,211.91029610579088,4262.963961719259,,,,
13.902,211.84508621111826,4262.963798051154,,,,
13.912,211.77877723625085,4262.946248005571,,,,
13.922,211.71136267308,4262.907575173341,,,,
13.932,211.64283615205764,4262.844419546358,,,,
13.942,211.57318967497372,4262.766362741146,,,,
13.952,211.5024189623394,4262.659373121074,,,,
13.962,211.43052000460617,4262.531931190881,,,,
13.972,211.35748541939353,4262.384825379586,,,,
13.982,211.28330975858745,4262.217205958682,,,,
13.992,211.20798787010295,4262.023524258048,,,,
14.002,211.13151470966187,4261.808897026986,,,,
14.012,211.0538855569429,4261.57398623345,,,,
14.022,210.97509601216797,4261.312582870749,,,,
14.032,210.89514180208178,4261.028808681234,,,,
14.042,210.81401896907903,4260.7248132616105,,,,
14.052,210.73172392324142,4260.39409309412,,,,
14.062,210.64825322810958,4260.03952226458,,,,
14.072,210.56360375090526,4259.664605963436,,,,
14.082,210.47777276662828,4259.262924799901,,,,
14.092,210.3907577362478,4258.835907744261,,,,
14.102,210.30255640896092,4258.388229936497,,,,
14.112,210.21316697220203,4257.913915226772,,,,
14.122,210.1225878355769,4257.412879364923,,,,
14.132,210.03081767914327,4256.890624935105,,,,
14.142,209.93736598163167,4256.34967771306,,,,
14.152,209.84272378103816,4255.773035953458,,,,
14.162,209.74738028613763,4255.177624357036,,,,
14.172,209.65084420445922,4254.556120547457,,,,
14.182,209.55311631673698,4253.905376860783,,,,
14.192,209.45419731978717,4253.23159807616,,,,
14.202,209.35408834333367,4252.532115663565,,,,
14.212,209.25279083853536,4251.802370403504,,,,
14.222,209.15030646587252,4251.048459190719,,,,
14.232,209.0466373291576,4250.26914274083,,,,
14.242,208.94178590121135,4249.459012467527,,,,
14.252,208.83575486021155,4248.623499623568,,,,
14.262,208.72854730332952,4247.762943793171,,,,
14.272,208.62016671976326,4246.871208282368,,,,
14.282,208.51061678927596,4245.952802365469,,,,
14.292,208.39990156861424,4245.009632689807,,,,
14.302,208.28802551932577,4244.03517347708,,,,
14.312,208.17499328262028,4243.032748891501,,,,
14.322,208.06080982888082,4242.005684464746,,,,
14.332,207.94548053953903,4240.947476964637,,,,
14.342,207.82901097225027,4239.8600511789045,,,,
14.352,207.71140696487166,4238.747952768497,,,,
14.362,207.5926747666481,4237.605074715233,,,,
14.372,207.4728208077629,4236.431810799502,,,,
14.382,207.35185175153154,4235.233682432637,,,,
14.392,207.2297746669277,4234.0053262778965,,,,
14.402,207.10659681611125,4232.7455821236,,,,
14.412,206.98232565157636,4231.460602773207,,,,
14.422,206.8569690195255,4230.146093652172,,,,
14.432,206.7305349778447,4228.799403716021,,,,
14.442,206.60303173818252,4227.426949829349,,,,
14.452,206.4744678877937,4226.0257624772075,,,,
14.462,206.3448522485635,4224.591852947282,,,,
14.472,206.21419376725768,4223.131519327825,,,,
14.482,206.08250174231065,4221.643322326764,,,,
14.492,205.94978573199978,4220.122119077829,,,,
14.502,205.81605539919786,4218.573737562251,,,,
14.512,205.6813207293188,4216.998307196364,,,,
14.522,205.5455919927573,4215.389934168349,,,,
14.532,205.40887955305084,4213.75358899045,,,,
14.542,205.27119406263478,4212.0909732111095,,,,
14.552,205.1325464814171,4210.39576176474,,,,
14.562,204.99294785950025,4208.67177697462,,,,
14.572,204.85240949872758,4206.922235183242,,,,
14.582,204.71094013127615,4205.145848274879,,,,
14.592,204.56855437899188,4203.328355165484,,,,
14.602,204.42526717368378,4201.49265002471,,,,
14.612,204.28108793133515,4199.625764192985,,,,
14.622,204.1360289539175,4197.728699143323,,,,
14.632,203.99010275989053,4195.807044109321,,,,
14.642,203.84332221283975,4193.855399801525,,,,
14.652,203.69570030284547,4191.873176497964,,,,
14.662,203.54725015471405,4189.866673951593,,,,
14.672,203.39798522272207,4187.83150882237,,,,
14.682,203.24791909982918,4185.765530560386,,,,
14.692,203.09706547051124,4183.67542536174,,,,
14.702,202.94543832591035,4181.5580700884675,,,,
14.712,202.79305181060937,4179.4099561920775,,,,
14.722,202.6399201216645,4177.237706041118,,,,
14.732,202.48605773029703,4175.03969053825,,,,
14.742,202.33147927446063,4172.81122016986,,,,
14.752,202.17619940947736,4170.558504755157,,,,
14.762,202.02023302243646,4168.281501955977,,,,
14.772,201.86359517630603,4165.97464077468,,,,
14.782,201.70630092075064,4163.643356998907,,,,
14.792,201.54836548590998,4161.289200690199,,,,
14.802,201.3898042806772,4158.906067146778,,,,
14.812,201.23063267470354,4156.498294367872,,,,
14.822,201.0708661599867,4154.06897119192,,,,
14.832,200.91052040313852,4151.6118085456255,,,,
14.842,200.74961101087786,4149.129810777518,,,,
14.852,200.588153649274,4146.6274224341705,,,,
14.862,200.42616414651343,4144.098569126719,,,,
14.872,200.26365825577724,4141.544748836001,,,,
14.882,200.10065172489647,4138.971511216374,,,,
14.892,199.93716044293382,4136.373371063854,,,,
14.902,199.77320021425302,4133.750241569341,,,,
14.912,199.60878677426393,4131.108461129303,,,,
14.922,199.44393597069418,4128.443473174534,,,,
14.932,199.27866356196833,4125.75362484303,,,,
14.942,199.11298517795979,4123.045677580729,,,,
14.952,198.94691652479906,4120.316291304939,,,,
14.962,198.78047321920948,4117.562352661564,,,,
14.972,198.6136706964822,4114.790661815459,,,,
14.982,198.44652442631997,4111.999289169751,,,,
14.992,198.2790497926137,4109.183894154875,,,,
15.002,198.1112619539813,4106.350906216007,,,,
15.012,197.94317605750135,4103.499970236201,,,,
15.022,197.77480717069346,4100.625724517689,,,,
15.032,197.60617010285046,4097.733889098539,,,,
15.042,197.43727960374318,4094.8257021229115,,,,
15.052,197.26815035142926,4091.8951462855857,,,,
15.062,197.09879674486163,4088.946888965789,,,,
15.072,196.92923307557228,4085.983702542398,,,,
15.082,196.75947357149386,4082.9993631181824,,,,
15.092,196.58953217305952,4079.997062263019,,,,
15.102,196.41942266784372,4076.9810377987387,,,,
15.112,196.2491587876428,4073.9450900859583,,,,
15.122,196.07875398102667,4070.8910505462454,,,,
15.132,195.90822150230065,4067.8242548044072,,,,
15.142,195.7375745555957,4064.7389760302085,,,,
15.152,195.5668260775157,4061.6354585159615,,,,
15.162,195.3959887753784,4058.5198575615914,,,,
15.172,195.22507530945398,4055.387286612354,,,,
15.182,195.0540980983661,4052.236421952214,,,,
15.192,194.88306930441544,4049.0738785551584,,,,
15.202,194.7120010427581,4045.8959364354137,,,,
15.212,194.54090522072227,4042.6997247139147,,,,
15.222,194.369793471202,4039.492004951443,,,,
15.232,194.19867737667528,4036.2704477519874,,,,
15.242,194.02756835170197,4033.0308059053214,,,,
15.252,193.85647752747653,4029.779585892539,,,,
15.262,193.68541597660672,4026.5159630141025,,,,
15.272,193.51439464631162,4023.234672389242,,,,
15.282,193.34342420288,4019.9415450003617,,,,
15.292,193.17251524382007,4016.637346305533,,,,
15.302,193.00167828422553,4013.3160705321343,,,,
15.312,192.83092356969524,4009.982554827291,,,,
15.322,192.6602612635727,4006.639139688099,,,,
15.332,192.48970148767768,4003.279428976248,,,,
15.342,192.31925411488663,3999.9070085063427,,,,
15.352,192.14892892049195,3996.525628705299,,,,
15.362,191.9787356746948,3993.1289310467264,,,,
15.372,191.80868392726182,3989.7190355727907,,,,
15.382,191.63878311423824,3986.300899414977,,,,
15.392,191.4690426965663,3982.868577333691,,,,
15.402,191.29947194972527,3979.4226054087158,,,,
15.412,191.13008001977204,3975.9688823946944,,,,
15.422,190.96087610034414,3972.5022619474616,,,,
15.432,190.79186923904163,3969.0215923350816,,,,
15.442,190.62306833870483,3965.5334518488407,,,,
15.452,190.454482362769,3962.033727604523,,,,
15.462,190.2861201719395,3958.5198334398083,,,,
15.472,190.11799047237432,3954.9984764493047,,,,
15.482,189.9501020347308,3951.466918105928,,,,
15.492,189.78246356912462,3947.9212150965745,,,,
15.502,189.61508362428242,3944.3679034763227,,,,
15.512,189.4479708089782,3940.805789112808,,,,
15.522,189.2811337131502,3937.229769739309,,,,
15.532,189.11458076357937,3933.645856651381,,,,
15.542,188.94832043485783,3930.054432360108,,,,
15.552,188.78236122131733,3926.449646825009,,,,
15.562,188.61671145813327,3922.8366011489957,,,,
15.572,188.4513795095742,3919.2172547460414,,,,
15.582,188.28637379339983,3915.58533415968,,,,
15.592,188.12170257840802,3911.944750751233,,,,
15.602,187.9573741391557,3908.298960273729,,,,
15.612,187.79339744997594,3904.6455151270657,,,,
15.622,187.62978017028786,3900.975059562331,,,,
15.632,187.46652991174025,3897.3044763863445,,,,
15.642,187.30365554831866,3893.6235973809407,,,,
15.652,187.14116524902653,3889.9334062618364,,,,
15.662,186.97906715572014,3886.2396757459396,,,,
15.672,186.817369526837,3882.537124806182,,,,
15.682,186.65608053918936,3878.8251569246772,,,,
15.692,186.49520829978619,3875.1102308888167,,,,
15.702,186.33476103614683,3871.3881114407823,,,,
15.712,186.17474692458174,3867.656648200665,,,,
15.722,186.01517405021414,3863.9226447464694,,,,
15.732,185.85605061597664,3860.183152208147,,,,
15.742,185.6973848073916,3856.4346654376177,,,,
15.752,185.53918470339266,3852.6838932353126,,,,
15.762,185.38145849157536,3848.9293914600194,,,,
15.772,185.22421437734613,3845.1664942440743,,,,
15.782,185.06746045116736,3841.401462701243,,,,
15.792,184.9112048973837,3837.634443605478,,,,
15.802,184.75545595295304,3833.859917259959,,,,
15.812,184.6002217401574,3830.0833814802836,,,,
15.822,184.44551045567133,3826.3064535089334,,,,
15.832,184.29133037951576,3822.5232290281615,,,,
15.842,184.1376896840739,3818.738011432348,,,,
15.852,183.98459659527614,3814.9540591361897,,,,
15.862,183.83205945292158,3811.1652050947177,,,,
15.872,183.6800865027515,3807.3743752088985,,,,
15.882,183.52868601833794,3803.5863050046037,,,,
15.892,183.3778664124464,3799.795009342669,,,,
15.902,183.22763602842636,3796.0019836493893,,,,
15.912,183.07800321426174,3792.2128997087993,,,,
15.922,182.92897647196952,3788.4224631797806,,,,
15.932,182.78056426086027,3784.6306007382445,,,,
15.942,182.63277502327864,3780.84374453018,,,,
15.952,182.48561736525855,3777.05755506685,,,,
15.962,182.33909988242422,3773.2704211370656,,,,
15.972,182.19323113441368,3769.489170085331,,,,
15.982,182.04801984605692,3765.7106969657198,,,,
15.992,181.9034747660974,3761.931967543068,,,,
16.002,181.75960459213292,3758.159824851153,,,,
16.012,181.6164181803167,3754.39258492703,,,,
16.022,181.47392444502296,3750.626026455124,,,,
16.032,181.3321322389865,3746.8666080591047,,,,
16.042,181.19105055902787,3743.114215305928,,,,
16.052,181.05068849228888,3739.3636609771784,,,,
16.062,180.91105505766552,3735.6206202555736,,,,
16.072,180.77215939703083,3731.8867519973187,,,,
16.082,180.63401077318235,3728.156074482598,,,,
16.092,180.49661838107284,3724.433341476396,,,,
16.102,180.3599915091021,3720.72153358797,,,,
16.112,180.224139585807,3717.014622793073,,,,
16.122,180.08907197742732,3713.3159996643,,,,
16.132,179.95479811333547,3709.6300016955593,,,,
16.142,179.82132757704235,3705.950746647738,,,,
16.152,179.68866989876136,3702.28013731581,,,,
16.162,179.55683463679011,3698.6236546428718,,,,
16.172,179.42583150891414,3694.9759237277494,,,,
16.182,179.29567019206078,3691.337297777478,,,,
16.192,179.16636035498885,3687.714051323173,,,,
16.202,179.0379118219869,3684.101669668203,,,,
16.212,178.91033439126534,3680.498981150216,,,,
16.222,178.78363781718605,3676.9126977564547,,,,
16.232,178.65783199623013,3673.339473180943,,,,
16.242,178.5329268145892,3669.7766496145714,,,,
16.252,178.40893208121116,3666.2310577112944,,,,
16.262,178.2858577242484,3662.7006757492636,,,,
16.272,178.1637136766208,3659.1816438840046,,,,
16.282,178.04250976522007,3655.680467110147,,,,
16.292,177.92225590674104,3652.196665672457,,,,
16.302,177.80296203648214,3648.725300548327,,,,
16.312,177.6846379581253,3645.272254042745,,,,
16.322,177.5672935273879,3641.838601801004,,,,
16.332,177.4509386294933,3638.418713479466,,,,
16.342,177.33558299950505,3635.0174863211714,,,,
16.352,177.22123638249218,3631.6375221470635,,,,
16.362,177.10790855964171,3628.272843557149,,,,
16.372,176.99560914982206,3624.92711277484,,,,
16.382,176.88434773684088,3621.604292593668,,,,
16.392,176.7741339421699,3618.2984658173,,,,
16.402,176.66497721937074,3615.011858431853,,,,
16.412,176.55688694098595,3611.7495847163173,,,,
16.422,176.44987251308297,3608.5061502127064,,,,
16.432,176.34394317452325,3605.2822347955644,,,,
16.442,176.23910803846138,3602.0838364420206,,,,
16.452,176.1353762413603,3598.9062172147146,,,,
16.462,176.03275675880963,3595.7485162747425,,,,
16.472,175.93125839949113,3592.617254851526,,,,
16.482,175.83088997936676,3589.508770815604,,,,
16.492,175.73166016424835,3586.420709377231,,,,
16.502,175.63357741651257,3583.3597770113192,,,,
16.512,175.53665018423715,3580.3236075954537,,,,
16.522,175.44088677965382,3577.308531964911,,,,
16.532,175.34629528177356,3574.3210486187913,,,,
16.542,175.25288372874888,3571.360270590602,,,,
16.552,175.16066003882668,3568.4214144553735,,,,
16.562,175.06963187490163,3565.51042451058,,,,
16.572,174.97980682859384,3562.6279192134416,,,,
16.582,174.89119238783508,3559.768386040629,,,,
16.592,174.80379577132297,3556.936849623812,,,,
16.602,174.71762409331245,3554.1354209410365,,,,
16.612,174.63268437923452,3551.3581758640175,,,,
16.622,174.54898337984704,3548.6089494770044,,,,
16.632,174.46652770699112,3545.891255882607,,,,
16.642,174.3853238957662,3543.199107290323,,,,
16.652,174.30537820925747,3540.5349733331277,,,,
16.662,174.22669673730718,3537.9035249287062,,,,
16.672,174.1492855011088,3535.299111559689,,,,
16.682,174.07315025992943,3532.7226677386366,,,,
16.692,173.99829656717992,3530.179831836187,,,,
16.702,173.924729910752,3527.6656047495676,,,,
16.712,173.85245553290324,3525.179369837398,,,,
16.722,173.7814784405093,3522.727371465909,,,,
16.732,173.71180357251887,3520.3055985451156,,,,
16.742,173.6434356433742,3517.911909374448,,,,
16.752,173.57637910705031,3515.552823274518,,,,
16.762,173.51063834147126,3513.2255374475685,,,,
16.772,173.44621752437067,3510.9265844533343,,,,
16.782,173.3831205534346,3508.6623298434533,,,,
16.792,173.32135123662732,3506.431385794698,,,,
16.802,173.2609132074886,3504.2291413461217,,,,
16.812,173.2018098063223,3502.0614744507175,,,,
16.822,173.1440442651294,3499.9284822250274,,,,
16.832,173.08761966696568,3497.8247163649485,,,,
16.842,173.03253879536936,3495.7552207144618,,,,
16.852,172.9788043030161,3493.7215819285093,,,,
16.862,172.926418717178,3491.7178386437345,,,,
16.872,172.87538426644278,3489.7479168947225,,,,
16.882,172.8257030232739,3487.8148026594986,,,,
16.892,172.7773769549069,3485.9123839836466,,,,
16.902,172.7304077374233,3484.0432258204023,,,,
16.912,172.68479686411882,3482.2115798749246,,,,
16.922,172.64054573920222,3480.411532899693,,,,
16.932,172.597655490588,3478.6441861193325,,,,
16.942,172.55612703734568,3476.9147279957306,,,,
16.952,172.5159612192184,3475.217837229312,,,,
16.962,172.47715861933108,3473.553073903682,,,,
16.972,172.4397195880549,3471.9262975355223,,,,
16.982,172.40364440108388,3470.333077547837,,,,
16.992,172.3689331022151,3468.7714632936686,,,,
17.002,172.33558548212034,3467.247641179144,,,,
17.012,172.30360125561634,3465.758331686197,,,,
17.022,172.27297993371704,3464.300199933478,,,,
17.032,172.24372075896034,3462.879387977124,,,,
17.042,172.21582289143478,3461.4939507768236,,,,
17.052,172.18928531752908,3460.1393884676036,,,,
17.062,172.16410674600348,3458.8214278631312,,,,
17.072,172.14028579187675,3457.5395894560083,,,,
17.082,172.11782092711172,3456.288438754796,,,,
17.092,172.09671034336063,3455.0729309603043,,,,
17.102,172.07695212387824,3453.8941666066376,,,,
17.112,172.0585442399652,3452.7460177603107,,,,
17.122,172.04148438821133,3451.6324637320567,,,,
17.132,172.0257701385425,3450.555915389847,,,,
17.142,172.01139897532724,3449.510108538119,,,,
17.152,171.9983681216739,3448.497710781463,,,,
17.162,171.9866746568277,3447.5223944254003,,,,
17.172,171.9763155986449,3446.578025458441,,,,
17.182,171.96728772388371,3445.6658189423024,,,,
17.192,171.95958764801918,3444.790508802753,,,,
17.202,171.95321194506846,3443.9464365383287,,,,
17.212,171.94815697457372,3443.133316828851,,,,
17.222,171.94441891953593,3442.3566041480804,,,,
17.232,171.9419939365324,3441.6114593404773,,,,
17.242,171.94087799969984,3440.896118385326,,,,
17.252,171.94106689495615,3440.2164287007895,,,,
17.262,171.94255639155324,3439.56865710696,,,,
17.272,171.9453421123119,3438.949617734124,,,,
17.282,171.94941948493755,3438.365236359717,,,,
17.292,171.9547839239522,3437.8129928063886,,,,
17.302,171.9614307352135,3437.2886467527746,,,,
17.312,171.969355030116,3436.7977413170156,,,,
17.322,171.97855190849842,3436.3392727774794,,,,
17.332,171.98901640059054,3435.9078763954967,,,,
17.342,172.00074334499007,3435.5085275000356,,,,
17.352,172.0137275626882,3435.141703192132,,,,
17.362,172.02796384361315,3434.8013862434027,,,,
17.372,172.0434467979435,3434.491595143706,,,,
17.382,172.06017101021433,3434.2142635911805,,,,
17.392,172.0781310693351,3433.96305193128,,,,
17.402,172.0973214024855,3433.740791840311,,,,
17.412,172.11773640061787,3433.5507098780568,,,,
17.422,172.13937049020507,3433.3865429158477,,,,
17.432,172.16221795979078,3433.2497436404437,,,,
17.442,172.1862730498569,3433.144640794794,,,,
17.452,172.21153006207138,3433.0653916713763,,,,
17.462,172.23798318893859,3433.011977178521,,,,
17.472,172.26562656313163,3432.989563501696,,,,
17.482,172.29445439736432,3432.993032290548,,,,
17.492,172.3244608279649,3433.0209675158953,,,,
17.502,172.35563992197706,3433.0789694443342,,,,
17.512,172.38798583899828,3433.1630150171754,,,,
17.522,172.42149269645196,3433.270208693377,,,,
17.532,172.45615453357078,3433.406395628879,,,,
17.542,172.49196548899,3433.568890206756,,,,
17.552,172.528919696473,3433.753372587412,,,,
17.562,172.5670112048344,3433.96558505577,,,,
17.572,172.6062341584301,3434.2041657074938,,,,
17.582,172.64658273205472,3434.463982480186,,,,
17.592,172.6880510177317,3434.75014510828,,,,
17.602,172.73063319669907,3435.0627773293863,,,,
17.612,172.77432351294863,3435.3960412653632,,,,
17.622,172.8191161316147,3435.7541944157065,,,,
17.632,172.8650052937473,3436.138817205575,,,,
17.642,172.9119853321521,3436.5437098126504,,,,
17.652,172.96005050976618,3436.9720076214503,,,,
17.662,173.00919514822746,3437.42665570845,,,,
17.672,173.05941368497687,3437.901435349657,,,,
17.682,173.11070050128978,3438.398189518354,,,,
17.692,173.1630500172707,3438.920999611214,,,,
17.702,173.2164567868127,3439.4640094304946,,,,
17.712,173.27091532557708,3440.027615939779,,,,
17.722,173.32642016703358,3440.616846732466,,,,
17.732,173.3829659895779,3441.226515462622,,,,
17.742,173.44054745465255,3441.8555591451004,,,,
17.752,173.49915922077176,3442.509609148544,,,,
17.762,173.55879609529643,3443.1844615203877,,,,
17.772,173.61945289227182,3443.8776492902043,,,,
17.782,173.6811244038157,3444.5950633999523,,,,
17.792,173.74380556757924,3445.333721451048,,,,
17.802,173.80749135266444,3446.089892190809,,,,
17.812,173.87217669025307,3446.869367579692,,,,
17.822,173.937856646866,3447.6705617774874,,,,
17.832,174.0045263450242,3448.4886789641428,,,,
17.842,174.07218085738145,3449.3290676064607,,,,
17.852,174.14081537558812,3450.191607224664,,,,
17.862,174.21042517027865,3451.0707456640566,,,,
17.872,174.28100545504884,3451.9710498091354,,,,
17.882,174.35255154097473,3452.8938705069295,,,,
17.892,174.42505883817344,3453.8332074351792,,,,
17.902,174.49852269774243,3454.7925760132525,,,,
17.912,174.5729385428519,3455.774709626861,,,,
17.922,174.64830191164594,3456.773510019896,,,,
17.932,174.7246082865558,3457.7912319416696,,,,
17.942,174.80185319424734,3458.83181228387,,,,
17.952,174.8800322870573,3459.889415273181,,,,
17.962,174.95914116969317,3460.964888096441,,,,
17.972,175.03917546231028,3462.063147423918,,,,
17.982,175.12013091576083,3463.1789522133763,,,,
17.992,175.2020032458144,3464.311692525018,,,,
18.002,175.28478815547652,3465.4669576413653,,,,
18.012,175.36848147700317,3466.6404139339515,,,,
18.022,175.45307902340568,3467.8300183044576,,,,
18.032,175.53857656882337,3469.0417037256866,,,,
18.042,175.6249700087788,3470.2722868386586,,,,
18.052,175.7122552376091,3471.518426927902,,,,
18.062,175.80042808805683,3472.7860268035934,,,,
18.072,175.8894845001909,3474.073236740851,,,,
18.082,175.97942043187098,3475.37562062535,,,,
18.092,176.0702317611107,3476.698697646085,,,,
18.102,176.16191445356233,3478.042069215704,,,,
18.112,176.2544645111441,3479.400433767737,,,,
18.122,176.34787784266965,3480.7785916382018,,,,
18.132,176.4421504203277,3482.1776587646495,,,,
18.142,176.53727826984027,3483.591742771963,,,,
18.152,176.63325731663522,3485.02468177639,,,,
18.162,176.73008352101408,3486.478930961538,,,,
18.172,176.82775290974314,3487.948456313236,,,,
18.182,176.9262614081594,3489.4358513347734,,,,
18.192,177.02560494673708,3490.9448128832937,,,,
18.202,177.12577953166033,3492.469467167912,,,,
18.212,177.22678107190268,3494.011005656214,,,,
18.222,177.32860545066546,3495.574176733593,,,,
18.232,177.43124863105692,3497.1535957354554,,,,
18.242,177.5347064882275,3498.749013813597,,,,
18.252,177.638974841401,3500.3658772266954,,,,
18.262,177.74404958831687,3501.9996307236615,,,,
18.272,177.8499265522609,3503.648597123343,,,,
18.282,177.95660147271542,3505.3186097118255,,,,
18.292,178.06407016044713,3507.006209881749,,,,
18.302,178.17232836837002,3508.7083542956566,,,,
18.312,178.2813717413415,3510.4309455543107,,,,
18.322,178.3911959813872,3512.171694255893,,,,
18.332,178.50179675045067,3513.926604109862,,,,
18.342,178.6131695853233,3515.7011692049123,,,,
18.352,178.7253100643389,3517.494620106616,,,,
18.362,178.83821374441877,3519.3018188501374,,,,
18.372,178.95187604055826,3521.127724957635,,,,
18.382,179.0662923852415,3522.973018375602,,,,
18.392,179.18145820829,3524.831938301142,,,,
18.402,179.29736879036628,3526.7084973350557,,,,
18.412,179.41401940412433,3528.6048011380117,,,,
18.422,179.53140533554273,3530.514781385298,,,,
18.432,179.6495217203013,3532.441283121455,,,,
18.442,179.7683636583549,3534.3876612233607,,,,
18.452,179.88792627547363,3536.3479380695308,,,,
18.462,180.00820455214978,3538.3235941411076,,,,
18.472,180.1291934047694,3540.319053454293,,,,
18.482,180.25088778365392,3542.328754616175,,,,
18.492,180.37328250460033,3544.35273059883,,,,
18.502,180.49637229180934,3546.39619870793,,,,
18.512,180.62015190591245,3548.454297999416,,,,
18.522,180.7446159890281,3550.52573054384,,,,
18.532,180.86975906804173,3552.616068638536,,,,
18.542,180.99557570423974,3554.7215544428946,,,,
18.552,181.12206035873615,3556.839386670222,,,,
18.562,181.24920735469146,3558.975394811683,,,,
18.572,181.3770110435659,3561.12708674354,,,,
18.582,181.5054657003057,3563.2903093552486,,,,
18.592,181.63456544384067,3565.470736005863,,,,
18.602,181.76430440742342,3567.667188053201,,,,
18.612,181.8946766713581,3569.8746605603083,,,,
18.622,182.02567615099736,3572.098199840583,,,,
18.632,182.15729676027473,3574.338069677496,,,,
18.642,182.28953238294054,3576.5885691371423,,,,
18.652,182.42237673321551,3578.8538758579775,,,,
18.662,182.55582350370162,3581.135666219055,,,,
18.672,182.68986637831162,3583.427878390965,,,,
18.682,182.82449887368458,3585.7335603753813,,,,
18.692,182.95971446263283,3588.055700426025,,,,
18.702,183.09550662798125,3590.388218706701,,,,
18.712,183.23186869411592,3592.73286425372,,,,
18.722,183.3687939186203,3595.093714245758,,,,
18.732,183.50627558387956,3597.4650413082054,,,,
18.742,183.64430682879237,3599.847150557677,,,,
18.752,183.78288070314687,3602.24501413063,,,,
18.762,183.92199029251026,3604.653622171734,,,,
18.772,184.06162855870917,3607.07164018166,,,,
18.782,184.20178835199943,3609.5047804195037,,,,
18.792,184.34246256299485,3611.948871742572,,,,
18.802,184.48364398480368,3614.401367956406,,,,
18.812,184.6253252840081,3616.868017664095,,,,
18.822,184.76749916600548,3619.345902807202,,,,
18.832,184.91015826443606,3621.8312228718523,,,,
18.842,185.0532950741493,3624.329592195618,,,,
18.852,185.1969021230119,3626.8394595361083,,,,
18.862,185.34097189587283,3629.3559638155944,,,,
18.872,185.4854967318691,3631.8842506964065,,,,
18.882,185.6304689926275,3634.4241931945494,,,,
18.892,185.77588102540886,3636.9701914543857,,,,
18.902,185.921725030856,3639.5265971458166,,,,
18.912,186.06799321765658,3642.09468020127,,,,
18.922,186.21467780721872,3644.668434595219,,,,
18.932,186.36177087978626,3647.2511256396956,,,,
18.942,186.50926450641524,3649.8453978576567,,,,
18.952,186.6571507950111,3652.445121261142,,,,
18.962,186.80542172431814,3655.05232812942,,,,
18.972,186.95406924530968,3657.67078173724,,,,
18.982,187.10308536527376,3660.2946387141237,,,,
18.992,187.25246197931955,3662.924504982719,,,,
19.002,187.4021909359506,3665.565126333643,,,,
19.012,187.55226415568293,3668.21123288946,,,,
19.022,187.70267346990346,3670.8619837010083,,,,
19.032,187.85341064559515,3673.522760283543,,,,
19.042,188.00446753101218,3676.189197130014,,,,
19.052,188.15583591193757,3678.859030757456,,,,
19.062,188.30750749469314,3681.537960107141,,,,
19.072,188.4594740702958,3684.2227563248452,,,,
19.082,188.61172739677224,3686.9098860665536,,,,
19.092,188.76425914146068,3689.6049864676133,,,,
19.102,188.91706105401403,3692.306151874716,,,,
19.112,189.070124881934,3695.0087754639253,,,,
19.122,189.22344227561132,3697.7180939912864,,,,
19.132,189.3770049599744,3700.433632652168,,,,
19.142,189.53080468843888,3703.1499506752853,,,,
19.152,189.68483311632912,3705.8715687150993,,,,
19.162,189.8390819611348,3708.599461587627,,,,
19.172,189.99354299789368,3711.327668939811,,,,
19.182,190.1482079084983,3714.0597195148202,,,,
19.192,190.30306842089865,3716.7979465095013,,,,
19.202,190.45811634628922,3719.5362326415907,,,,
19.212,190.61334341358537,3722.2768841081524,,,,
19.222,190.7687413794779,3725.0234506684415,,,,
19.232,190.92430210532382,3727.770000245671,,,,
19.242,191.08001738657765,3730.51744896968,,,,
19.252,191.23587902713555,3733.2703831844365,,,,
19.262,191.39187895159932,3736.023376392047,,,,
19.272,191.54800903986848,3738.775934758376,,,,
19.282,191.704261161351,3741.5333100308812,,,,
19.292,191.8606273161513,3744.290926693582,,,,
19.302,192.0170994848119,3747.046893096893,,,,
19.312,192.17366962030783,3749.806831018709,,,,
19.322,192.33032980986516,3752.5672705084644,,,,
19.332,192.48707214893687,3755.3249948320645,,,,
19.342,192.64388869145367,3758.0856790389425,,,,
19.352,192.8007716227691,3760.8471128287483,,,,
19.362,192.95771316552282,3763.6050004484905,,,,
19.372,193.1147054910403,3766.3646839587796,,,,
19.382,193.2717408931556,3769.1253858510445,,,,
19.392,193.4288117317454,3771.8818833804953,,,,
19.402,193.58591031058978,3774.6389016402445,,,,
19.412,193.7430290418021,3777.3971047776413,,,,
19.422,193.90016043055047,3780.150693105157,,,,
19.432,194.0572969266049,3782.9034509335115,,,,
19.442,194.21443106958176,3785.6574638448033,,,,
19.452,194.3715555159388,3788.4066607281316,,,,
19.462,194.52866287304178,3791.153681642948,,,,
19.472,194.68574581656733,3793.9018373150593,,,,
19.482,194.84279715835845,3796.645195762211,,,,
19.492,194.9998096728991,3799.385053724448,,,,
19.502,195.15677617980685,3802.125779044927,,,,
19.512,195.3136896486495,3804.861887982017,,,,
19.522,195.4705430282051,3807.593268034587,,,,
19.532,195.62732928905496,3810.3250567471805,,,,
19.542,195.78404155832203,3813.0524851086348,,,,
19.552,195.9406729632932,3815.7741991815446,,,,
19.562,196.09721663317612,3818.4956301114953,,,,
19.572,196.25366585482593,3821.2131618195936,,,,
19.582,196.41001393686702,3823.9239386115078,,,,
19.592,196.56625416862198,3826.6336824003165,,,,
19.602,196.72237999252596,3829.3400091640674,,,,
19.612,196.8783848993537,3832.038821780577,,,,
19.622,197.0342623441948,3834.7356513714167,,,,
19.632,197.1900059221081,3837.4294581855347,,,,
19.642,197.34560930135504,3840.1152891373226,,,,
19.652,197.50106610496073,3842.798077658851,,,,
19.662,197.65637007872004,3845.478219576713,,,,
19.672,197.81151506476,3848.1501189431324,,,,
19.682,197.96649485471517,3850.8178483904558,,,,
19.692,198.12130334050946,3853.4832067421294,,,,
19.702,198.27593453084395,3856.1402826137232,,,,
19.712,198.43038238456484,3858.7920404504603,,,,
19.722,198.58464093507615,3861.44156653665,,,,
19.732,198.73870434885302,3864.0829800849533,,,,
19.742,198.89256674885002,3866.7179716930937,,,,
19.752,199.046222304987,3869.3506949340863,,,,
19.762,199.19966533131884,3871.975657168669,,,,
19.772,199.3528901099948,3874.5931424053792,,,,
19.782,199.50589094224893,3877.208172410166,,,,
19.792,199.65866227922288,3879.815982964493,,,,
19.802,199.811198555891,3882.4153124912355,,,,
19.812,199.96349419796854,3885.011848887972,,,,
19.822,200.1155437794349,3887.601716321552,,,,
19.832,200.26734187894994,3890.182440724081,,,,
19.842,200.41888304350462,3892.7597764077045,,,,
19.852,200.57016195974984,3895.3310888774486,,,,
19.862,200.7211733394478,3897.8927028315056,,,,
19.872,200.8719118428473,3900.4502239416292,,,,
19.882,201.0223722557062,3903.002382387139,,,,
19.892,201.17254941117488,3905.5444883929904,,,,
19.902,201.32243807605045,3908.08167620795,,,,
19.912,201.47203312292476,3910.614079564325,,,,
19.922,201.62132949326158,3913.1363303547396,,,,
19.932,201.77032205310624,3915.652767007221,,,,
19.942,201.9190057499797,3918.164895767402,,,,
19.952,202.0673756194853,3920.666989314732,,,,
19.962,202.21542661896703,3923.1623129370287,,,,
19.972,202.36315375963545,3925.6537136841534,,,,
19.982,202.51055215638206,3928.1353819918686,,,,
19.992,202.6576168499239,3930.609403799641,,,,
20.002,202.80434290586166,3933.0796473835626,,,,
20.012,202.950725503071,3935.5406498578313,,,,
20.022,203.09675975404357,3937.993071931071,,,,
20.032,203.2424407664699,3940.4417861866277,,,,
20.042,203.38776376822085,3942.8818943902706,,,,
20.052,203.53272393611064,3945.3126507802353,,,,
20.062,203.67731641346373,3947.7395262538266,,,,
20.072,203.82153646285926,3950.1585362287296,,,,
20.082,203.96537931425965,3952.5675531548522,,,,
20.092,204.10884013860988,3954.9723380483533,,,,
20.102,204.2519142191318,3957.3700332622666,,,,
20.112,204.39459682787424,3959.757297848266,,,,
20.122,204.53688315661964,3962.1398638735677,,,,
20.132,204.678768496517,3964.515981149191,,,,
20.142,204.82024815058983,3966.8814917662385,,,,
20.152,204.9613173258741,3969.2415730937373,,,,
20.162,205.10197131046903,3971.5960749164456,,,,
20.172,205.24220542717657,3973.939849648986,,,,
20.182,205.38201489352394,3976.277443334089,,,,
20.192,205.52139498534115,3978.6100577295247,,,,
20.202,205.66034103393497,3980.932125501746,,,,
20.212,205.79884826239748,3983.247168182277,,,,
20.222,205.93691192670838,3985.5577552336745,,,,
20.232,206.07452735732005,3987.8581418796375,,,,
20.242,206.21168977863115,3990.150542143975,,,,
20.252,206.34839441881874,3992.4389226967273,,,,
20.262,206.4846365976027,3994.717637394211,,,,
20.272,206.62041154225034,3996.987652224402,,,,
20.282,206.75571445601076,3999.2536938355015,,,,
20.292,206.8905406395392,4001.5107402554318,,,,
20.302,207.02488531524585,4003.758389571879,,,,
20.312,207.1587436557278,4006.0019727277077,,,,
20.322,207.2921109348365,4008.2373231602123,,,,
20.332,207.42498236938695,4010.462682683857,,,,
20.342,207.55735310285053,4012.683708997387,,,,
20.352,207.68921837739268,4014.8973232192225,,,,
20.362,207.82057340273093,4017.100493673116,,,,
20.372,207.95141329597772,4019.2988911927478,,,,
20.382,208.08173326435775,4021.490668303467,,,,
20.392,208.21152850911434,4023.671763078527,,,,
20.402,208.34079412495038,4025.847486892506,,,,
20.412,208.4695252825525,4028.0173818819903,,,,
20.422,208.5977171734489,4030.17650796588,,,,
20.432,208.72536487498832,4032.3295451443973,,,,
20.442,208.8524635217692,4034.477424475791,,,,
20.452,208.9790082948926,4036.614670947415,,,,
20.462,209.10499426042682,4038.745020558644,,,,
20.472,209.23041651942918,4040.8707734506315,,,,
20.482,209.3552702424086,4042.9862084840097,,,,
20.492,209.47955049086846,4045.0939356572035,,,,
20.502,209.60325233688928,4047.197407998853,,,,
20.512,209.72637094094722,4049.291073116929,,,,
20.522,209.84890136717405,4051.3762176039922,,,,
20.532,209.97083866522337,4053.4572929828855,,,,
20.542,210.0921779869476,4055.529200291159,,,,
20.552,210.21291440644734,4057.5918567619924,,,,
20.562,210.33304295921522,4059.6504158938496,,,,
20.572,210.45255879086218,4061.7005481078686,,,,
20.582,210.57145699279397,4063.740801971908,,,,
20.592,210.68973259615652,4065.776739508219,,,,
20.602,210.80738074383788,4067.8050490811547,,,,
20.612,210.924396551707,4069.823000465002,,,,
20.622,211.04077505759957,4071.8362322453895,,,,
20.632,211.15651140641972,4073.8426459559805,,,,
20.642,211.27160074538233,4075.838396798302,,,,
20.652,211.3860381309475,4077.8288650303402,,,,
20.662,211.49981871600306,4079.813285569516,,,,
20.672,211.61293768557428,4081.78693375162,,,,
20.682,211.72539012722524,4083.7546107205067,,,,
20.692,211.83717120915077,4085.7169276991167,,,,
20.702,211.94827616035462,4087.668562101191,,,,
20.712,212.0587001121785,4089.6134508397527,,,,
20.722,212.16843825665245,4091.553546999865,,,,
20.732,212.27748587254814,4093.4832431718078,,,,
20.742,212.38583814747506,4095.405385488062,,,,
20.752,212.49349030697874,4097.323138875525,,,,
20.762,212.60043768511918,4099.230955864945,,,,
20.772,212.70667553776326,4101.130433300067,,,,
20.782,212.81219913463553,4103.025737135544,,,,
20.792,212.9170038704073,4104.911716538354,,,,
20.802,213.02108508041232,4106.788604426515,,,,
20.812,213.12443809005026,4108.661365856579,,,,
20.822,213.22705836027833,4110.525550307058,,,,
20.832,213.32894131630366,4112.379967879963,,,,
20.842,213.43008235055595,4114.230121100243,,,,
20.852,213.53047699437627,4116.072462584996,,,,
20.862,213.63012077137955,4117.904600651568,,,,
20.872,213.7290091545453,4119.732111781599,,,,
20.882,213.82713775223016,4121.55264732724,,,,
20.892,213.92450219400655,4123.362649154663,,,,
20.902,214.02109804473372,4125.167525275958,,,,
20.912,214.1169209948809,4126.966245312766,,,,
20.922,214.2119667861233,4128.754288196487,,,,
20.932,214.30623108686706,4130.536578308156,,,,
20.942,214.39970967558116,4132.313424644484,,,,
20.952,214.49239841077244,4134.079687749589,,,,
20.962,214.58429307528655,4135.83949277725,,,,
20.972,214.67538954166025,4137.594456833109,,,,
20.982,214.76568378848668,4139.33912133095,,,,
20.992,214.85517172278014,4141.076558968194,,,,
21.002,214.9438493174033,4142.809652408852,,,,
21.012,215.03171267299604,4144.532895112768,,,,
21.022,215.11875783052156,4146.248257798593,,,,
21.032,215.2049808720482,4147.959487979445,,,,
21.042,215.29037802111492,4149.661482381497,,,,
21.052,215.37494545467592,4151.3547899469095,,,,
21.062,215.4586793642847,4153.044181807744,,,,
21.072,215.5415760956701,4154.725078902962,,,,
21.082,215.6236319709199,4156.396681513787,,,,
21.092,215.70484330120354,4158.064301681871,,,,
21.102,215.78520655430395,4159.724258993072,,,,
21.112,215.864718198932,4161.374431626377,,,,
21.122,215.94337467061925,4163.020381275222,,,,
21.132,216.0211725570629,4164.659519046159,,,,
21.142,216.09810847389295,4166.288581350581,,,,
21.152,216.17417898557005,4167.913000654985,,,,
21.162,216.24938079747244,4169.531455081358,,,,
21.172,216.32371067065,4171.1397144955845,,,,
21.182,216.3971653023114,4172.742784305541,,,,
21.192,216.46974151314032,4174.340680732708,,,,
21.202,216.54143620624617,4175.928457521094,,,,
21.212,216.61224621511806,4177.510442658745,,,,
21.222,216.68216847379705,4179.087860144832,,,,
21.232,216.75120002102094,4180.655470660302,,,,
21.242,216.81933782533983,4182.216546412263,,,,
21.252,216.8865789307295,4183.773688980634,,,,
21.262,216.95292050761657,4185.321440617513,,,,
21.272,217.01835966083715,4186.861878416254,,,,
21.282,217.08289353977375,4188.398831950208,,,,
21.292,217.1465194367077,4189.927011381279,,,,
21.302,217.20923459278137,4191.447240840499,,,,
21.312,217.27103626438526,4192.96415161148,,,,
21.322,217.3319218571019,4194.473031153699,,,,
21.332,217.3918887414866,4195.973397984245,,,,
21.342,217.4509342750713,4197.470424615599,,,,
21.352,217.50905596615033,4198.960245839578,,,,
21.362,217.5662513096616,4200.441086178145,,,,
21.372,217.62251776156762,4201.918402697445,,,,
21.382,217.67785292282068,4203.389387483907,,,,
21.392,217.73225440524547,4204.8510623105685,,,,
21.402,217.78571975971167,4206.308863007595,,,,
21.412,217.83824666930872,4207.761173840265,,,,
21.422,217.88983285332495,4209.204047135671,,,,
21.432,217.9404759533245,4210.642545658993,,,,
21.442,217.99017372392203,4212.076386263798,,,,
21.452,218.03892398068712,4213.500806981479,,,,
21.462,218.086724449749,4214.920184395687,,,,
21.472,218.13357294614514,4216.335719153543,,,,
21.482,218.17946737088047,4217.742009451949,,,,
21.492,218.22440553203333,4219.142605562029,,,,
21.502,218.268385296244,4220.539858706325,,,,
21.512,218.3114046328118,4221.928305116827,,,,
21.522,218.35346142153674,4223.310354573591,,,,
21.532,218.3945535712558,4224.6894363078645,,,,
21.542,218.4346791073492,4226.060283663885,,,,
21.552,218.47383597482803,4227.424021344163,,,,
21.562,218.5120221158333,4228.785017314594,,,,
21.572,218.5492355969988,4230.138461115614,,,,
21.582,218.58547441947852,4231.484163108323,,,,
21.592,218.62073655059717,4232.827130023678,,,,
21.602,218.65502008351058,4234.16329707206,,,,
21.612,218.68832306551127,4235.4912087249895,,,,
21.622,218.7206434817265,4236.8161882944305,,,,
21.632,218.7519794375231,4238.135191565509,,,,
21.642,218.78232901538817,4239.445499242306,,,,
21.652,218.81169021149927,4240.752519438027,,,,
21.662,218.8400611291029,4242.054314187468,,,,
21.672,218.8674398727502,4243.347207886502,,,,
21.682,218.89382444330764,4244.636280533812,,,,
21.692,218.9192129318898,4245.920927150612,,,,
21.702,218.94360345618867,4247.196543438836,,,,
21.712,218.96699401641808,4248.4676706908995,,,,
21.722,218.98938267824286,4249.735019875681,,,,
21.732,219.0107675577435,4250.993431539588,,,,
21.742,219.03114664845214,4252.2465875491835,,,,
21.752,219.05051798167165,4253.496480997329,,,,
21.762,219.06887965972066,4254.737693294351,,,,
21.772,219.08622966439884,4255.97283851511,,,,
21.782,219.1025659850327,4257.205049626042,,,,
21.792,219.11788669812083,4258.428991006982,,,,
21.802,219.13218976861674,4259.64605318905,,,,
21.812,219.14547313791667,4260.860310765787,,,,
21.822,219.15773484523132,4262.066825743244,,,,
21.832,219.16897283355547,4263.265665383219,,,,
21.842,219.17918499219712,4264.461639780089,,,,
21.852,219.18836931242978,4265.65047064661,,,,
21.862,219.19652371003212,4266.8309386544115,,,,
21.872,219.20364602010534,4268.008249625767,,,,
21.882,219.2097341775841,4269.179076690694,,,,
21.892,219.2147860662391,4270.340924006632,,,,
21.902,219.2187994654491,4271.499140042097,,,,
21.912,219.22177224767444,4272.651628808623,,,,
21.922,219.22370226317884,4273.794572894832,,,,
21.932,219.22458723709667,4274.933217372623,,,,
21.942,219.22442496869547,4276.066627549859,,,,
21.952,219.22321326235587,4277.190277339147,,,,
21.962,219.22094978969602,4278.30880789293,,,,
21.972,219.2176322785648,4279.4225682767665,,,,
21.982,219.21325848844555,4280.526450655465,,,,
21.992,219.2078260418703,4281.6242858548,,,,
22.002,219.20133259303634,4282.717679114197,,,,
22.012,219.19377585223447,4283.801220826326,,,,
22.022,219.18515339638918,4284.877696258003,,,,
22.032,219.17546280709666,4285.94991314693,,,,
22.042,219.16470174266783,4287.01243084742,,,,
22.052,219.15286773905018,4288.066872321613,,,,
22.062,219.13995830894046,4289.116990862074,,,,
22.072,219.12597105727428,4290.157685414782,,,,
22.082,219.11090348446692,4291.1892466584395,,,,
22.092,219.09475304058023,4292.216261007047,,,,
22.102,219.07751727739372,4293.234208303212,,,,
22.112,219.0591936657412,4294.2420537882135,,,,
22.122,219.03977960144326,4295.244877419114,,,,
22.132,219.01927258499796,4296.239041127028,,,,
22.142,218.99767006402416,4297.222208656373,,,,
22.152,218.9749693905345,4298.199673845773,,,,
22.162,218.95116801759156,4299.168860568736,,,,
22.172,218.92626337637063,4300.126320528734,,,,
22.182,218.90025278725497,4301.077181095302,,,,
22.192,218.87313366178034,4302.020104353262,,,,
22.202,218.8449034218177,4302.95069287453,,,,
22.212,218.8155593697743,4303.873625095175,,,,
22.222,218.7850988838008,4304.7888601512095,,,,
22.232,218.75351938407024,4305.691309678227,,,,
22.242,218.72081816983223,4306.584912425427,,,,
22.252,218.68699259624765,4307.470920219146,,,,
22.262,218.65204008994596,4308.3438432527255,,,,
22.272,218.615957962689,4309.206637319587,,,,
22.282,218.57874355928413,4310.061763572172,,,,
22.292,218.5403943216604,4310.903646834622,,,,
22.302,218.50090759022092,4311.734067275125,,,,
22.312,218.46028071402725,4312.556549959741,,,,
22.322,218.4185111599682,4313.36575016197,,,,
22.332,218.3755963138984,4314.162164607063,,,,
22.342,218.33153354632208,4314.950142095634,,,,
22.352,218.28632035985936,4315.724884859015,,,,
22.362,218.23995420215687,4316.48555796684,,,,
22.372,218.19243248345578,4317.237074767869,,,,
22.382,218.14375275390054,4317.975451976024,,,,
22.392,218.09391253947157,4318.698563329461,,,,
22.402,218.04290931023792,4319.411577891105,,,,
22.412,217.99074067706144,4320.111556989707,,,,
22.422,217.9374042605162,4320.7951854820385,,,,
22.432,217.8828976117429,4321.467576839955,,,,
22.442,217.8272184169279,4322.126976699094,,,,
22.452,217.77036440721585,4322.769104547351,,,,
22.462,217.71233323690097,4323.398677753073,,,,
22.472,217.65312268354424,4324.015256956523,,,,
22.482,217.59273060445312,4324.613763692469,,,,
22.492,217.5311547791959,4325.198240430389,,,,
22.502,217.46839309399084,4325.769609113864,,,,
22.512,217.40444354825394,4326.322266384428,,,,
22.522,217.33930407062132,4326.859355294749,,,,
22.532,217.27297267540675,4327.382992545505,,,,
22.542,217.2054475181653,4327.887464504047,,,,
22.552,217.13672669785672,4328.374761707933,,,,
22.562,217.0668083771672,4328.8481077613105,,,,
22.572,216.99569088363123,4329.301952804306,,,,
22.582,216.9233725088929,4329.737001195372,,,,
22.592,216.84985158546112,4330.157403727861,,,,
22.602,216.7751266280598,4330.558076618637,,,,
22.612,216.69919614207862,4330.93840271124,,,,
22.622,216.62205865222194,4331.303148518187,,,,
22.632,216.5437128758452,4331.647994274962,,,,
22.642,216.4641575521872,4331.971044446138,,,,
22.652,216.38339142122035,4332.2773695101205,,,,
22.662,216.30141341874963,4332.563681867888,,,,
22.672,216.2182225368011,4332.826824117286,,,,
22.682,216.13381775401746,4333.071927431523,,,,
22.692,216.04819823896565,4333.296766774131,,,,
22.702,215.96136325060974,4333.4973492604895,,,,
22.712,215.87331202908385,4333.678400616898,,,,
22.722,215.78404399819175,4333.83910794065,,,,
22.732,215.69355870838578,4333.9744346422,,,,
22.742,215.60185568587343,4334.088604498713,,,,
22.752,215.50893462223354,4334.182138619156,,,,
22.762,215.41479536953605,4334.249456216633,,,,
22.772,215.31943776092163,4334.293898521932,,,,
22.782,215.22286177491384,4334.317291210809,,,,
22.792,215.12506758011403,4334.31380698951,,,,
22.802,215.0260553382572,4334.285700570049,,,,
22.812,214.92582533355642,4334.235948927686,,,,
22.822,214.82437806451995,4334.15883665981,,,,
22.832,214.72171404136586,4334.055368787171,,,,
22.842,214.61783387275005,4333.929483896374,,,,
22.852,214.51273839938835,4333.775892584052,,,,
22.862,214.40642849806028,4333.594260330369,,,,
22.872,214.29890512060467,4333.389264519647,,,,
22.882,214.19016946040068,4333.156278707988,,,,
22.892,214.08022277614117,4332.893778973046,,,,
22.902,213.9690663828849,4332.606732039749,,,,
22.912,213.8567018408424,4332.291582374047,,,,
22.922,213.74313080599865,4331.945405081411,,,,
22.932,213.6283549713242,4331.573420034926,,,,
22.942,213.51237627201428,4331.173254880396,,,,
22.952,213.39519677486965,4330.7407787609845,,,,
22.962,213.27681857015375,4330.281044411133,,,,
22.972,213.15724397691275,4329.792958834508,,,,
22.982,213.03647547869826,4329.271563522265,,,,
22.992,212.91451557820537,4328.721353027902,,,,
23.002,212.7913669905423,4328.142572142773,,,,
23.012,212.6670326263802,4327.529700043235,,,,
23.022,212.54151541612754,4326.88639903066,,,,
23.032,212.41481848017807,4326.214231479989,,,,
23.042,212.2869451620129,4325.507396224493,,,,
23.052,212.15789883239725,4324.768491700816,,,,
23.062,212.02768302644836,4324.000329727347,,,,
23.072,211.89630152473705,4323.197123307496,,,,
23.082,211.76375814922096,4322.360278501596,,,,
23.092,211.63005685898088,4321.493607961185,,,,
23.102,211.49520187456565,4320.591712455377,,,,
23.112,211.35919747791814,4319.654646047266,,,,
23.122,211.22204806108303,4318.6870858577,,,,
23.132,211.0837582873575,4317.684327137478,,,,
23.142,210.94433290589757,4316.644942894758,,,,
23.152,210.8037767486272,4315.574266063982,,,,
23.162,210.66209491930644,4314.468461007889,,,,
23.172,210.51929263722383,4313.324915973511,,,,
23.182,210.375375184829,4312.149067725577,,,,
23.192,210.2303481094112,4310.93826589496,,,,
23.202,210.08421710234532,4309.688784763242,,,,
23.212,209.9369879013985,4308.405898847226,,,,
23.222,209.78866649555516,4307.088287423243,,,,
23.232,209.6392590478426,4305.731276936693,,,,
23.242,209.48877175674903,4304.339692058407,,,,
23.252,209.33721105200016,4302.913596283409,,,,
23.262,209.18458356556192,4301.447650109124,,,,
23.272,209.03089596045862,4299.945923178973,,,,
23.282,208.876155105821,4298.4098596016265,,,,
23.292,208.72036809777893,4296.833753863593,,,,
23.302,208.56354206590908,4295.220671950513,,,,
23.312,208.40568431711563,4293.573349744006,,,,
23.322,208.24680240512524,4291.88604777123,,,,
23.332,208.08690392738148,4290.160707183341,,,,
23.342,207.92599662890257,4288.401052655094,,,,
23.352,207.76408851329487,4286.601713407988,,,,
23.362,207.60118764028493,4284.7632440479265,,,,
23.372,207.4373021856572,4282.890403001315,,,,
23.382,207.27244059249563,4280.9783766079,,,,
23.392,207.10661138148868,4279.026362794168,,,,
23.402,206.93982315963584,4277.039731637469,,,,
23.412,206.77208480008537,4275.01457862938,,,,
23.422,206.6034052771866,4272.948786519606,,,,
23.432,206.4337936253188,4270.848017215512,,,,
23.442,206.26325913641037,4268.709509399198,,,,
23.452,206.09181122945475,4266.529952309254,,,,
23.462,205.91945936189703,4264.3149628092415,,,,
23.472,205.7462132329791,4262.063075497997,,,,
23.482,205.57208269538822,4259.770010347584,,,,
23.492,205.39707762446164,4257.440991460105,,,,
23.502,205.2212081151438,4255.075971681903,,,,
23.512,205.04448444091355,4252.669898455755,,,,
23.522,204.86691688914001,4250.227344237138,,,,
23.532,204.68851593924222,4247.749605842552,,,,
23.542,204.50929227022897,4245.231258230717,,,,
23.552,204.32925657231974,4242.675870948535,,,,
23.562,204.14841969730395,4240.086149382949,,,,
23.572,203.96679271525664,4237.456491984183,,,,
23.582,203.78438670992168,4234.78922788804,,,,
23.592,203.60121289122077,4232.088433901761,,,,
23.602,203.4172827017976,4229.348651737516,,,,
23.612,203.23260761208581,4226.570980068896,,,,
23.622,203.04719918565218,4223.760309330089,,,,
23.632,202.86106922124492,4220.91181478983,,,,
23.642,202.67422955954865,4218.025241339345,,,,
23.652,202.48669210240485,4215.106138091746,,,,
23.662,202.2984689851206,4212.150541291072,,,,
23.672,202.10957240537502,4209.156880802461,,,,
23.682,201.92001459272717,4206.1310447452615,,,,
23.692,201.7298080009038,4203.070196261462,,,,
23.702,201.53896516896984,4199.971490315538,,,,
23.712,201.34749864303666,4196.840876732769,,,,
23.722,201.15542117695978,4193.6767988069705,,,,
23.732,200.9627456338588,4190.475348483145,,,,
23.742,200.7694848647206,4187.242165119826,,,,
23.752,200.57565190546825,4183.977091367429,,,,
23.762,200.3812599244976,4180.675401207291,,,,
23.772,200.18632206541594,4177.342101857884,,,,
23.782,199.99085162867397,4173.978462436597,,,,
23.792,199.79486206801118,4170.579234618451,,,,
23.802,199.59836680668985,4167.148503548508,,,,
23.812,199.40137939283056,4163.6889278840445,,,,
23.822,199.20391354471974,4160.195046299997,,,,
23.832,199.00598295144093,4156.669813708066,,,,
23.842,198.80760139266687,4153.117101475133,,,,
23.852,198.6087828298917,4149.531615747336,,,,
23.862,198.4095412032444,4145.915006740778,,,,
23.872,198.2098905086139,4142.272161691646,,,,
23.882,198.00984492912667,4138.598272761125,,,,
23.892,197.80941864013474,4134.893604630173,,,,
23.902,197.60862583913354,4131.163803703368,,,,
23.912,197.4074809094132,4127.404849145598,,,,
23.922,197.20599824449326,4123.615716449973,,,,
23.932,197.00419222914311,4119.802308430128,,,,
23.942,196.80207742562655,4115.961748093082,,,,
23.952,196.59966842813708,4112.091629021888,,,,
23.962,196.3969797958796,4108.198135305494,,,,
23.972,196.19402624976556,4104.279537118226,,,,
23.982,195.9908225651933,4100.3323215081255,,,,
23.992,195.78738346207138,4096.362415724658,,,,
24.002,195.58372380070983,4092.3695043171956,,,,
24.012,195.37985851867975,4088.3491095055188,,,,
24.022,195.17580248351038,4084.306615276457,,,,
24.032,194.97157067614347,4080.243104670908,,,,
24.042,194.76717817579737,4076.1535404839997,,,,
24.052,194.56263998424194,4072.0424155638348,,,,
24.062,194.35797118573305,4067.912186761744,,,,
24.072,194.15318698034375,4063.7575434250234,,,,
24.082,193.94830249040152,4059.5818574189743,,,,
24.092,193.74333288738967,4055.3888590986344,,,,
24.102,193.53829347136093,4051.1732859488025,,,,
24.112,193.33319947098389,4046.9372445689087,,,,
24.122,193.1280661299329,4042.685491653733,,,,
24.132,192.92290882738456,4038.4131813737768,,,,
24.142,192.7177428834832,4034.1210114493906,,,,
24.152,192.51258360017258,4029.814587334191,,,,
24.162,192.30744641538212,4025.4897624049995,,,,
24.172,192.10234672514076,4021.1458156776034,,,,
24.182,191.8972998763503,4016.788869285915,,,,
24.192,191.69232134534792,4012.415763945924,,,,
24.202,191.48742658739587,4008.024428246995,,,,
24.212,191.28263098221362,4003.621164893476,,,,
24.222,191.0779500256522,3999.204000262737,,,,
24.232,190.8733992148944,3994.769710370753,,,,
24.242,190.6689939501794,3990.3243850165964,,,,
24.252,190.4647497283499,3985.867412688248,,,,
24.262,190.26068207037108,3981.3945911517267,,,,
24.272,190.05680638504933,3976.911500256414,,,,
24.282,189.8531381528744,3972.418930590188,,,,
24.292,189.6496928998132,3967.9120044470164,,,,
24.302,189.4464860311665,3963.3954886130477,,,,
24.312,189.24353299474643,3958.87152418845,,,,
24.322,189.0408493021422,3954.334899809406,,,,
24.332,188.8384503426421,3949.789283585683,,,,
24.342,188.6363515161141,3945.238139320867,,,,
24.352,188.4345683000713,3940.6761882623373,,,,
24.362,188.2331160546703,3936.105845846646,,,,
24.372,188.03201011750798,3931.531681240621,,,,
24.382,187.83126591215688,3926.948726420979,,,,
24.392,187.6308987557203,3922.35801740671,,,,
24.402,187.43092391004598,3917.7649833450623,,,,
24.412,187.23135672496164,3913.1652892340235,,,,
24.422,187.0322124596467,3908.558558981672,,,,
24.432,186.83350628739214,3903.950785250113,,,,
24.442,186.63525346474506,3899.3385512378213,,,,
24.452,186.43746917706912,3894.720116709147,,,,
24.462,186.2401684967516,3890.101711252814,,,,
24.472,186.0433665679895,3885.4810618378333,,,,
24.482,185.84707848540674,3880.85520275695,,,,
24.492,185.65131920836515,3876.2302506039405,,,,
24.502,185.4561037502729,3871.6052295263617,,,,
24.512,185.26144709711747,3866.9761687549744,,,,
24.522,185.06736408310758,3862.3487294958622,,,,
24.532,184.8738695731632,3857.723333527525,,,,
24.542,184.68097842581204,3853.095232180566,,,,
24.552,184.48870533891676,3848.4694007928933,,,,
24.562,184.29706501292787,3843.8474653029252,,,,
24.572,184.10607215759217,3839.224407644621,,,,
24.582,183.91574131788008,3834.6040621404827,,,,
24.592,183.72608701245477,3829.9895396325946,,,,
24.602,183.53712378612659,3825.375527718341,,,,
24.612,183.34886602081522,3820.7646731307077,,,,
24.622,183.16132803774647,3816.1612710437653,,,,
24.632,182.974524194106,3811.560214981755,,,,
24.642,182.7884686938923,3806.9628034356956,,,,
24.652,182.60317564819502,3802.3742282487783,,,,
24.662,182.41865920658418,3797.789943894956,,,,
24.672,182.23493337895792,3793.209858389895,,,,
24.682,182.05201205165991,3788.639762039331,,,,
24.692,181.86990914626003,3784.075961290111,,,,
24.702,181.6886384625098,3779.517014592813,,,,
24.712,181.5082136489917,3774.968996677807,,,,
24.722,181.32864837963845,3770.4293162538243,,,,
24.732,181.14995622682727,3765.8952505908724,,,,
24.742,180.9721505885565,3761.372864589909,,,,
24.752,180.79524487207638,3756.860797800137,,,,
24.762,180.6192524042747,3752.355305236576,,,,
24.772,180.44418631985215,3747.8620608419806,,,,
24.782,180.27005974104594,3743.381091394348,,,,
24.792,180.09688573022228,3738.9077852266155,,,,
24.802,179.92467714523167,3734.4471220003625,,,,
24.812,179.7534468054634,3730.000610560553,,,,
24.822,179.5832074902538,3725.5630186204553,,,,
24.832,179.4139717695339,3721.138430042046,,,,
24.842,179.24575214419824,3716.729589153877,,,,
24.852,179.0785610885252,3712.331151804438,,,,
24.862,178.91241086899407,3707.9460110068185,,,,
24.872,178.7473136526797,3703.578063006943,,,,
24.882,178.5832815901049,3699.222130688948,,,,
24.892,178.42032663113832,3694.879783500124,,,,
24.902,178.25846059466792,3690.5558763874997,,,,
24.912,178.0976952875816,3686.245707953475,,,,
24.922,177.93804232850118,3681.949461057886,,,,
24.932,177.77951317483308,3677.6726829885947,,,,
24.942,177.6221192704807,3673.4114454138653,,,,
24.952,177.46587188763124,3669.164559583942,,,,
24.962,177.31078210982926,3664.9379533669253,,,,
24.972,177.15686099940353,3660.7287238390163,,,,
24.982,177.00411946638363,3656.534405795749,,,,
24.992,176.85256820884825,3652.3609754163244,,,,
25.002,176.702217888937,3648.2066766653134,,,,
25.012,176.55307903660056,3644.0680717952328,,,,
25.022,176.40516195338947,3639.950785894816,,,,
25.032,176.25847688790273,3635.854485549621,,,,
25.042,176.1130339775646,3631.7746832433963,,,,
25.052,175.9688431173329,3627.7164868232185,,,,
25.062,175.82591412447576,3623.6809076230147,,,,
25.072,175.684256724724,3619.6629175156613,,,,
25.082,175.54388039577276,3615.6667211417926,,,,
25.092,175.40479451090337,3611.6946485030417,,,,
25.102,175.26700836828087,3607.741409036905,,,,
25.112,175.13053101874578,3603.810093248184,,,,
25.122,174.9953713799863,3599.9042345606667,,,,
25.132,174.86153830684856,3596.0186050227494,,,,
25.142,174.72904041361448,3592.155039165011,,,,
25.152,174.59788615219924,3588.3180450896134,,,,
25.162,174.4680839189727,3584.502803418133,,,,
25.172,174.33964188198811,3580.709774933508,,,,
25.182,174.2125680188411,3576.9442468784828,,,,
25.192,174.08687025282956,3573.2020576128557,,,,
25.202,173.96255629582353,3569.4823825687686,,,,
25.212,173.8396336447717,3565.790882706372,,,,
25.222,173.71810973849654,3562.1244169132774,,,,
25.232,173.59799182362292,3558.48076246084,,,,
25.242,173.47928690920673,3554.8658147532096,,,,
25.252,173.3620019382064,3551.2776399286195,,,,
25.262,173.2461436850407,3547.7127262953777,,,,
25.272,173.13171866758358,3544.176822878383,,,,
25.282,173.01873332003532,3540.6692138888343,,,,
25.292,172.90719393034612,3537.1856338429293,,,,
25.302,172.79710652164025,3533.7312270312614,,,,
25.312,172.6884770158117,3530.3066164559505,,,,
25.322,172.58131120964677,3526.9069030052055,,,,
25.332,172.4756146302161,3523.5364222572853,,,,
25.342,172.37139268070928,3520.197090777456,,,,
25.352,172.2686506585264,3516.883694686321,,,,
25.362,172.16739359316347,3513.599502260065,,,,
25.372,172.06762636576892,3510.3476744718228,,,,
25.382,171.9693537676999,3507.1229557923375,,,,
25.392,171.8725803305323,3503.9273977707694,,,,
25.402,171.7773104125272,3500.7652012375984,,,,
25.412,171.6835482938604,3497.63142173685,,,,
25.422,171.59129800877673,3494.5267822211003,,,,
25.432,171.50056339414772,3491.456284968906,,,,
25.442,171.41134821548115,3488.4156024578388,,,,
25.452,171.32365601105533,3485.4041042715144,,,,
25.462,171.2374901000378,3482.427308465742,,,,
25.472,171.15285373163067,3479.481774798173,,,,
25.482,171.06974995024765,3476.5655667508545,,,,
25.492,170.9881815630723,3473.684409724169,,,,
25.502,170.90815130341576,3470.8359569465483,,,,
25.512,170.82966172469142,3468.01711227177,,,,
25.522,170.75271512967012,3465.233466381544,,,,
25.532,170.67731373838433,3462.483914877821,,,,
25.542,170.60345961692335,3459.7644047207727,,,,
25.552,170.53115457287822,3457.080074858828,,,,
25.562,170.46040031792677,3454.431145091941,,,,
25.572,170.39119843538083,3451.8128384106685,,,,
25.582,170.3235502482944,3449.2295601207197,,,,
25.592,170.25745696728967,3446.682841882702,,,,
25.602,170.19291969848757,3444.167489927726,,,,
25.612,170.12993929228114,3441.6869224451366,,,,
25.622,170.0685164679039,3439.2438980897855,,,,
25.632,170.00865186101163,3436.833125386011,,,,
25.642,169.9503458624729,3434.456865597421,,,,
25.652,169.89359871253015,3432.118907288278,,,,
25.662,169.8384105843529,3429.8142034159373,,,,
25.672,169.78478142214342,3427.5436829782684,,,,
25.682,169.7327110002915,3425.3120508551165,,,,
25.692,169.6821990389203,3423.1147605177493,,,,
25.702,169.6332450507117,3420.951415950738,,,,
25.712,169.58584836101338,3418.8272681176286,,,,
25.722,169.54000824796628,3416.7385873629873,,,,
25.732,169.4957238073136,3414.683686767439,,,,
25.742,169.45299393310822,3412.6680734593115,,,,
25.752,169.41181747403323,3410.6890604158048,,,,
25.762,169.3721931240604,3408.743752509893,,,,
25.772,169.3341193653041,3406.837619343089,,,,
25.782,169.29759463133996,3404.969145770916,,,,
25.792,169.2626172300114,3403.1344610220863,,,,
25.802,169.2291852521352,3401.338647690527,,,,
25.812,169.19729673225388,3399.5814961473643,,,,
25.822,169.16694960798026,3397.858325699878,,,,
25.832,169.13814160017623,3396.1735607122337,,,,
25.842,169.1108703620881,3394.5283186369156,,,,
25.852,169.08513347771236,3392.9174026354935,,,,
25.862,169.0609283206205,3391.344325217443,,,,
25.872,169.03825218238444,3389.8114320475133,,,,
25.882,169.01710230957468,3388.313355457409,,,,
25.892,168.99747575049946,3386.852487880423,,,,
25.902,168.97936945610402,3385.432250091738,,,,
25.912,168.9627803530836,3384.047437246572,,,,
25.922,168.9477051872885,3382.699172541673,,,,
25.932,168.93414059138507,3381.3917729620844,,,,
25.942,168.92208318989995,3380.120484216461,,,,
25.952,168.91152944861832,3378.88510895959,,,,
25.962,168.90247570540672,3377.6905962073015,,,,
25.972,168.89491830092467,3376.5329270081556,,,,
25.982,168.88885344293135,3375.410597569,,,,
25.992,168.8842771988469,3374.328897958337,,,,
26.002,168.8811856444071,3373.28477923254,,,,
26.012,168.87957475085642,3372.275523635421,,,,
26.022,168.8794403400792,3371.306447419702,,,,
26.032,168.88077824119856,3370.375543755915,,,,
26.042,168.88358420775458,3369.4792516457737,,,,
26.052,168.88785384158786,3368.6224960903137,,,,
26.062,168.8935827496929,3367.8046308144426,,,,
26.072,168.90076649300556,3367.0210611216667,,,,
26.082,168.90940047809644,3366.276223498465,,,,
26.092,168.9194801061686,3365.57076030409,,,,
26.102,168.93100076119407,3364.8995223376573,,,,
26.112,168.9439576786091,3364.2660928459595,,,,
26.122,168.9583460765359,3363.6723571432394,,,,
26.132,168.97416118147558,3363.112915914567,,,,
26.142,168.99139808220292,3362.5902839265254,,,,
26.152,169.01005183583374,3362.10747322521,,,,
26.162,169.0301175295068,3361.6591485708745,,,,
26.172,169.0515901282953,3361.2466181147784,,,,
26.182,169.0744645502005,3360.8738114327457,,,,
26.192,169.0987357601374,3360.5357801157143,,,,
26.202,169.12439862097682,3360.2325228626446,,,,
26.212,169.15144793337836,3359.968689296067,,,,
26.222,169.17987855574577,3359.7399411145,,,,
26.232,169.20968526823296,3359.545106779279,,,,
26.242,169.24086277670244,3359.3891212789026,,,,
26.252,169.27340585082612,3359.268643590779,,,,
26.262,169.30730920661907,3359.181144522909,,,,
26.272,169.34256747327603,3359.131795259278,,,,
26.282,169.37917534525374,3359.1183649452432,,,,
26.292,169.4171274919101,3359.137144265782,,,,
26.302,169.45641848702098,3359.1931448928112,,,,
26.312,169.49704296329202,3359.285324896796,,,,
26.322,169.53899555538888,3359.4091803954075,,,,
26.332,169.58227080039342,3359.569175014911,,,,
26.342,169.6268632852295,3359.7655367056313,,,,
26.352,169.6727676240727,3359.993167185706,,,,
26.362,169.7199783346594,3360.2557482022185,,,,
26.372,169.76848997072773,3360.554739375676,,,,
26.382,169.81829713615423,3360.88474606055,,,,
26.392,169.86939434449204,3361.2484280513145,,,,
26.402,169.9217761287439,3361.648424850335,,,,
26.412,169.97543709122445,3362.07931214139,,,,
26.422,170.03037175472173,3362.5425845878553,,,,
26.432,170.0865746433361,3363.041869436687,,,,
26.442,170.14404036502344,3363.572047581934,,,,
26.452,170.20276346321126,3364.1333446736467,,,,
26.462,170.26273846413648,3364.730148726943,,,,
26.472,170.32395998785734,3365.3579857415007,,,,
26.482,170.38642260802544,3366.0156506328485,,,,
26.492,170.45012086180475,3366.7081587752054,,,,
26.502,170.51504938356823,3367.4318027970803,,,,
26.512,170.5812027836539,3368.1842683355508,,,,
26.522,170.64857562183965,3368.970632085515,,,,
26.532,170.71716255223208,3369.78828376954,,,,
26.542,170.7869582260711,3370.6338131544335,,,,
26.552,170.85795723159538,3371.512159977888,,,,
26.562,170.9301542437421,3372.4219159388163,,,,
26.572,171.00354395710684,3373.358761165012,,,,
26.582,171.07812099462174,3374.327203412453,,,,
26.592,171.15388005328452,3375.3271094085444,,,,
26.602,171.23081587112733,3376.3534825694915,,,,
26.612,171.30892311023825,3377.4101259625304,,,,
26.622,171.38819648998467,3378.498172095511,,,,
26.632,171.46863078981832,3379.6122398388043,,,,
26.642,171.55022071362262,3380.755187697526,,,,
26.652,171.63296100263952,3381.9293329592165,,,,
26.662,171.7168464738233,3383.1292176407314,,,,
26.672,171.80187187395438,3384.356611299053,,,,
26.682,171.88803196550595,3385.6147932861404,,,,
26.692,171.97532159716212,3386.8985751781593,,,,
26.702,172.06373555594922,3388.2084324054017,,,,
26.712,172.15326862212942,3389.548572250294,,,,
26.722,172.24391566938286,3390.914287162761,,,,
26.732,172.33567152320435,3392.304791726128,,,,
26.742,172.4285309800684,3393.7248171101874,,,,
26.752,172.52248893055832,3395.1704662833845,,,,
26.762,172.61754023284095,3396.6397192640698,,,,
26.772,172.71367969580868,3398.1375635572085,,,,
26.782,172.81090221769472,3399.661123274043,,,,
26.792,172.90920268197786,3401.207233854415,,,,
26.802,173.00857590555836,3402.780847827131,,,,
26.812,173.10901678460937,3404.3802403224163,,,,
26.822,173.21052021893917,3406.001322341725,,,,
26.832,173.31308102826762,3407.648679534643,,,,
26.842,173.41669409661986,3409.321864413548,,,,
26.852,173.52135432949768,3411.0160278362414,,,,
26.862,173.62705654332245,3412.7351377202863,,,,
26.872,173.73379559976772,3414.4800091102024,,,,
26.882,173.84156639804098,3416.2453521842244,,,,
26.892,173.9503637440569,3418.0342354574486,,,,
26.902,174.060182466912,3419.8487179064664,,,,
26.912,174.17101744669088,3421.683328103233,,,,
26.922,174.28286346956045,3423.5399529303845,,,,
26.932,174.3957153199978,3425.4219395104587,,,,
26.942,174.50956784573714,3427.3238877938993,,,,
26.952,174.6244158086372,3429.246583114154,,,,
26.962,174.74025394367078,3431.194018607122,,,,
26.972,174.85707705106273,3433.1613701019505,,,,
26.982,174.97487985312327,3435.1481589821433,,,,
26.992,175.09365702184115,3437.158995124016,,,,
27.002,175.21340329517898,3439.189795982143,,,,
27.012,175.3341133466227,3441.238830745944,,,,
27.022,175.45578177712906,3443.311048187924,,,,
27.032,175.5784032488803,3445.403332368103,,,,
27.042,175.70197237528075,3447.5127913154165,,,,
27.052,175.82648367779228,3449.6444057646618,,,,
27.062,175.95193172921446,3451.7961981489443,,,,
27.072,176.0783110705827,3453.964275355902,,,,
27.082,176.20561613544464,3456.153341546432,,,,
27.092,176.33384139414528,3458.362661668283,,,,
27.102,176.4629813024672,3460.587560926836,,,,
27.112,176.59303019780322,3462.8321750790765,,,,
27.122,176.72398243586193,3465.097041949791,,,,
27.132,176.85583237400925,3467.3769708971536,,,,
27.142,176.9885742454437,3469.67527083964,,,,
27.152,177.12220228018614,3471.9937091165516,,,,
27.162,177.2567107240326,3474.3268738927336,,,,
27.172,177.39209369813264,3476.677040558227,,,,
27.182,177.5283452970617,3479.047084321754,,,,
27.192,177.66545964219577,3481.4316850116775,,,,
27.202,177.80343073494973,3483.8319460396247,,,,
27.212,177.9422525260793,3486.251649345953,,,,
27.222,178.0819190002765,3488.685877481267,,,,
27.232,178.2224240317274,3491.134465838509,,,,
27.242,178.3637614204987,3493.6019028233995,,,,
27.252,178.5059250024433,3496.0838810343007,,,,
27.262,178.64890851679525,3498.579140959587,,,,
27.272,178.7927056089392,3501.0924163373147,,,,
27.282,178.9373099581091,3503.620422967556,,,,
27.292,179.0827151619057,3506.1605504875297,,,,
27.302,179.2289147037858,3508.7178003256486,,,,
27.312,179.37590209535762,3511.2899619827895,,,,
27.322,179.52367078675314,3513.8733304938532,,,,
27.332,179.6722140986934,3516.472728082481,,,,
27.342,179.82152536818057,3519.0871527219388,,,,
27.352,179.97159789030127,3521.7120887165165,,,,
27.362,180.12242482162043,3524.351843895561,,,,
27.372,180.27399932028473,3527.0066712603048,,,,
27.382,180.42631452152705,3529.6715007322264,,,,
27.392,180.57936341748524,3532.3498677109524,,,,
27.402,180.73313898372376,3535.0432430363894,,,,
27.412,180.8876341904872,3537.746288468529,,,,
27.422,181.04284186600404,3540.4615348319808,,,,
27.432,181.19875480186522,3543.1916168291923,,,,
27.442,181.35536579933665,3545.9311898874867,,,,
27.452,181.51266752421628,3548.681666947593,,,,
27.462,181.67065258479613,3551.4466044073206,,,,
27.472,181.82931361055654,3554.2210033799756,,,,
27.482,181.9886431072192,3557.005006212288,,,,
27.492,182.14863350262362,3559.8029638879398,,,,
27.502,182.30927725364182,3562.610500356503,,,,
27.512,182.47056670920512,3565.426386399553,,,,
27.522,182.63249412039391,3568.2555534531307,,,,
27.532,182.79505176994826,3571.0944214858473,,,,
27.542,182.95823185335692,3573.9406410382508,,,,
27.552,183.1220264534801,3576.799231979467,,,,
27.562,183.2864276823206,3579.6676956841634,,,,
27.572,183.45142758580104,3582.5426226447617,,,,
27.582,183.6170180852416,3585.428880150209,,,,
27.592,183.7831911246437,3588.3251698321005,,,,
27.602,183.94993860521691,3591.227197418352,,,,
27.612,184.1172522962091,3594.139394707514,,,,
27.622,184.28512397900803,3597.061725838855,,,,
27.632,184.4535454154036,3599.98925045077,,,,
27.642,184.6225082330726,3602.925693050075,,,,
27.652,184.79200405797368,3605.8722687626864,,,,
27.662,184.96202451834068,3608.823677291014,,,,
27.672,185.1325611116302,3611.782702116593,,,,
27.682,185.30360531736346,3614.7517250677556,,,,
27.692,185.4751486367354,3617.7253902629022,,,,
27.702,185.64718244949518,3620.705416220316,,,,
27.712,185.81969810027857,3623.6950958075904,,,,
27.722,185.9926869702149,3626.689374366492,,,,
27.732,186.16614033180292,3629.688667310752,,,,
27.742,186.34004940510528,3632.6972156903776,,,,
27.752,186.5144054596989,3635.710438180065,,,,
27.762,186.68919967559833,3638.7275116459446,,,,
27.772,186.8644231637058,3641.7531684573446,,,,
27.782,187.04006709117544,3644.783650943463,,,,
27.792,187.2161225574719,3647.816918348215,,,,
27.802,187.39258057892573,3650.857942186366,,,,
27.812,187.56943223002347,3653.9039849899373,,,,
27.822,187.74666854204506,3656.951887448915,,,,
27.832,187.92428045261812,3660.0065652736253,,,,
27.842,188.10225895462423,3663.066428002766,,,,
27.852,188.2805950235715,3666.127417197573,,,,
27.862,188.4592795351026,3669.1940670112094,,,,
27.872,188.63830341270767,3672.2660543586408,,,,
27.882,188.81765758831602,3675.3385851196367,,,,
27.892,188.99733289292195,3678.4155770378466,,,,
27.902,189.17732019409425,3681.4979226963587,,,,
27.912,189.35761039191453,3684.5804427682824,,,,
27.922,189.53819428946923,3687.6661276491404,,,,
27.932,189.71906271274014,3690.7571338162884,,,,
27.942,189.90020654268505,3693.8480838396154,,,,
27.952,190.08161657117165,3696.9408175631997,,,,
27.962,190.26328359610704,3700.03871901009,,,,
27.972,190.44519849121056,3703.1365246879636,,,,
27.982,190.62735205774732,3706.2349599073104,,,,
27.992,190.80973508623933,3709.33806533645,,,,
28.002,190.99233845430456,3712.4411502595594,,,,
28.012,191.1751529843053,3715.5436928197714,,,,
28.022,191.35816947265798,3718.650317608566,,,,
28.032,191.54137881236397,3721.7570766107465,,,,
28.042,191.72477186376057,3724.86224911717,,,,
28.052,191.90833944733637,3727.9707400586753,,,,
28.062,192.0920724840265,3731.0795942209875,,,,
28.072,192.2759618870128,3734.18591826808,,,,
28.082,192.45999851853304,3737.294660093273,,,,
28.092,192.64417333973853,3740.4039893172194,,,,
28.102,192.82847733016425,3743.510038093852,,,,
28.112,193.01290141108757,3746.617459207823,,,,
28.122,193.19743659614522,3749.725655405179,,,,
28.132,193.38207394347637,3752.830005762453,,,,
28.142,193.5668044501766,3755.9345815135257,,,,
28.152,193.75161919476818,3759.040042706956,,,,
28.162,193.9365093250703,3762.141281540379,,,,
28.172,194.12146593003297,3765.241534115383,,,,
28.182,194.30648016560093,3768.3426738592016,,,,
28.192,194.49154327923588,3771.439394666336,,,,
28.202,194.67664646678054,3774.5339029259676,,,,
28.212,194.8617809742157,3777.629149835977,,,,
28.222,195.04693815758029,3780.7199501495056,,,,
28.232,195.23210933342483,3783.807343783408,,,,
28.242,195.4172858503582,3786.895163001617,,,,
28.252,195.60245918099355,3789.978644023304,,,,
28.262,195.78762077498837,3793.0575759035755,,,,
28.272,195.97276209605812,3796.1364660708914,,,,
28.282,196.15787474061247,3799.211230784312,,,,
28.292,196.3429503022277,3802.2804223771745,,,,
28.302,196.52798037186136,3805.348928308283,,,,
28.312,196.71295667625844,3808.413585843079,,,,
28.322,196.89787096204225,3811.4717898682,,,,
28.332,197.08271495901437,3814.5285075896886,,,,
28.342,197.2674805302512,3817.581679947115,,,,
28.352,197.45215958288662,3820.627683770555,,,,
28.362,197.63674399647093,3823.671265944812,,,,
28.372,197.82122577578693,3826.711592959268,,,,
28.382,198.00559699392412,3829.7442144627503,,,,
28.392,198.18984969015338,3832.7733747800794,,,,
28.402,198.37397601637184,3835.7994739747946,,,,
28.412,198.55796821583385,3838.8175524865337,,,,
28.422,198.7418184964136,3841.831071951933,,,,
28.432,198.92551916197078,3844.841627956437,,,,
28.442,199.1090626283167,3847.8440261676456,,,,
28.452,199.29244127939916,3850.8407278372597,,,,
28.462,199.47564757568887,3853.834462377833,,,,
28.472,199.65867410657773,3856.8200606411338,,,,
28.482,199.8415134380383,3859.798879235688,,,,
28.492,200.02415819148587,3862.7745352482916,,,,
28.502,200.20660112968346,3865.7422307841744,,,,
28.512,200.3888350050152,3868.7020728596367,,,,
28.522,200.57085260399023,3871.658442016158,,,,
28.532,200.7526468619833,3874.607165835895,,,,
28.542,200.9342107206471,3877.547047927069,,,,
28.552,201.11553713459406,3880.4829795779024,,,,
28.562,201.29661920867238,3883.4116193794134,,,,
28.572,201.47745007444072,3886.330642864915,,,,
28.582,201.65802285919926,3889.245046384882,,,,
28.592,201.83833083586956,3892.1525506902435,,,,
28.602,202.01836732494323,3895.0498195448154,,,,
28.612,202.19812562807508,3897.9416684011676,,,,
28.622,202.37759918276072,3900.827010713544,,,,
28.632,202.55678149600018,3903.7016650094974,,,,
28.642,202.73566604563746,3906.5699997851298,,,,
28.652,202.91424643059722,3909.432167220388,,,,
28.662,203.09251634036593,3912.283388355626,,,,
28.672,203.27046942984805,3915.1273183410003,,,,
28.682,203.4480994561384,3917.9653310100985,,,,
28.692,203.62540028579417,3920.7923284953945,,,,
28.702,203.80236575058174,3923.6110317125867,,,,
28.712,203.9789897625216,3926.4239457988333,,,,
28.722,204.1552663586636,3929.225952701101,,,,
28.732,204.33118954718896,3932.018751061199,,,,
28.742,204.5067533933678,3934.8056702376753,,,,
28.752,204.68195209699644,3937.581943171941,,,,
28.762,204.85677983699253,3940.347963641999,,,,
28.772,205.03123082525013,3943.1080277152078,,,,
28.782,205.20529941638094,3945.857831244931,,,,
28.792,205.37897995937192,3948.596572433021,,,,
28.802,205.55226681242783,3951.328989992664,,,,
28.812,205.72515447677984,3954.0516155660634,,,,
28.822,205.89763746529934,3956.7624721455504,,,,
28.832,206.0697102789513,3959.4665072246407,,,,
28.842,206.24136755652552,3962.161264685582,,,,
28.852,206.41260396805853,3964.843701789997,,,,
28.862,206.58341415406795,3967.518759037098,,,,
28.872,206.75379288226293,3970.1848739590737,,,,
28.882,206.92373497226725,3972.8384016292257,,,,
28.892,207.0932352010606,3975.483722788723,,,,
28.902,207.26228845717606,3978.120749589777,,,,
28.912,207.43088970124978,3980.7449078067475,,,,
28.922,207.59903384372558,3983.3600604601797,,,,
28.932,207.7667158866825,3985.967250472202,,,,
28.942,207.93393092177482,3988.5616098934147,,,,
28.952,208.10067398774322,3991.1460503559856,,,,
28.962,208.26694019290824,3993.7228884898072,,,,
28.972,208.43272475180822,3996.287042916448,,,,
28.982,208.5980228277594,3998.840345793994,,,,
28.992,208.76282962753473,4001.386226845225,,,,
29.002,208.9271404776767,4003.9197840274765,,,,
29.012,209.090950663968,4006.4417346603923,,,,
29.022,209.2542554904203,4008.9561783389863,,,,
29.032,209.41705038550373,4011.458770964895,,,,
29.042,209.57933074872608,4013.949030704661,,,,
29.052,209.7410919739296,4016.4315880237014,,,,
29.062,209.90232958119924,4018.902846846,,,,
29.072,210.06303907877378,4021.3611797665353,,,,
29.082,210.22321594720836,4023.811456889983,,,,
29.092,210.38285578927278,4026.2510630843162,,,,
29.102,210.54195421558217,4028.677255931888,,,,
29.112,210.70050679044257,4031.0949187389,,,,
29.122,210.85850919080713,4033.5025346183975,,,,
29.132,211.01595712255175,4035.8964462013914,,,,
29.142,211.17284623106187,4038.2812234557723,,,,
29.152,211.3291722597382,4040.6565437083873,,,,
29.162,211.4849310020509,4043.018053859821,,,,
29.172,211.64011818099596,4045.3696789752294,,,,
29.182,211.79472959906514,4047.712478850707,,,,
29.192,211.94876113102038,4050.041494098763,,,,
29.202,212.10220857828693,4052.359937830578,,,,
29.212,212.2550677977103,4054.6698578737473,,,,
29.222,212.4073347335,4056.966303652158,,,,
29.232,212.55900525995722,4059.2514326394585,,,,
29.242,212.71007528412827,4061.5283041222574,,,,
29.252,212.86054081384717,4063.7921234729047,,,,
29.262,213.01039779519522,4066.0439176174705,,,,
29.272,213.15964218202117,4068.2875698087073,,,,
29.282,213.30827003783338,4070.518719954419,,,,
29.292,213.4562773776688,4072.7371973525514,,,,
29.302,213.60366020012987,4074.9475010166743,,,,
29.312,213.750414617101,4077.1459506131787,,,,
29.322,213.89653670949082,4079.331199123062,,,,
29.332,214.042022519686,4081.508077680941,,,,
29.342,214.18686820140653,4083.6738086311398,,,,
29.352,214.33106989801024,4085.8259532475513,,,,
29.362,214.4746236956254,4087.9693861725123,,,,
29.372,214.6175257838508,4090.102367888635,,,,
29.382,214.7597723641121,4092.221569312438,,,,
29.392,214.9013595669946,4094.3315940422153,,,,
29.402,215.0422836146185,4096.431914630714,,,,
29.412,215.18254076382482,4098.518370405868,,,,
29.422,215.32212719089458,4100.595089839544,,,,
29.432,215.46103914604453,4102.662715668554,,,,
29.442,215.59927293626825,4104.71664220674,,,,
29.452,215.73682478489366,4106.760222112138,,,,
29.462,215.87369096854218,4108.795229670087,,,,
29.472,216.0098678401836,4110.816866582001,,,,
29.482,216.14535167192798,4112.827516322531,,,,
29.492,216.28013876616572,4114.830012385456,,,,
29.502,216.41422551759212,4116.819615815172,,,,
29.512,216.5476082485892,4118.797648185764,,,,
29.522,216.680283287782,4120.767761643296,,,,
29.532,216.8122470674762,4122.725595746685,,,,
29.542,216.9434959615006,4124.671295908471,,,,
29.552,217.07402632635223,4126.609199964903,,,,
29.562,217.20383462837322,4128.535561143013,,,,
29.572,217.33291729367375,4130.449333490368,,,,
29.582,217.46127070909904,4132.355258291413,,,,
29.592,217.58889137167546,4134.25043763209,,,,
29.602,217.71577575989443,4136.132707225741,,,,
29.612,217.8419202944441,4138.006935423058,,,,
29.622,217.96732150257674,4139.871347352773,,,,
29.632,218.09197591780864,4141.72260674518,,,,
29.642,218.21587999833372,4143.56548538386,,,,
29.652,218.339030294341,4145.399224916848,,,,
29.662,218.46142338621118,4147.219951730558,,,,
29.672,218.58305577324808,4149.031872173298,,,,
29.682,218.70392403327608,4150.8353947981595,,,,
29.692,218.82402479697,4152.626117007014,,,,
29.702,218.94335460984087,4154.407542413271,,,,
29.712,219.06191007598852,4156.181223751889,,,,
29.722,219.1796878733186,4157.942490183841,,,,
29.732,219.2966845967121,4159.693943396371,,,,
29.742,219.41289687716213,4161.4381864283105,,,,
29.752,219.52832143704683,4163.17056263046,,,,
29.762,219.64295492546867,4164.892738046496,,,,
29.772,219.75679400501346,4166.607989941308,,,,
29.782,219.8698354398267,4168.312061217455,,,,
29.792,219.9820759307113,4170.005370828732,,,,
29.802,220.0935121677811,4171.692102651543,,,,
29.812,220.20414095366107,4173.368451887995,,,,
29.822,220.31395904770946,4175.033687297496,,,,
29.832,220.42296317552476,4176.692431156886,,,,
29.842,220.5311501765855,4178.341663206862,,,,
29.852,220.63851686831515,4179.979555237382,,,,
29.862,220.74506001457766,4181.610894574171,,,,
29.872,220.85077648875153,4183.23362690811,,,,
29.882,220.95566316577427,4184.8449434480135,,,,
29.892,221.05971685131556,4186.449516830212,,,,
29.902,221.16293445052233,4188.046365153603,,,,
29.912,221.2653128945826,4189.631905797825,,,,
29.922,221.3668490346486,4191.210408652322,,,,
29.932,221.4675398061123,4192.7820530606205,,,,
29.942,221.56738219419782,4194.3426452244385,,,,
29.952,221.6663730999367,4195.895884163017,,,,
29.962,221.76450948873315,4197.4429331277615,,,,
29.972,221.86178839521355,4198.979422022879,,,,
29.982,221.9582067700312,4200.50810485098,,,,
29.992,222.053761607241,4202.031353546745,,,,
30.002,222.14844999046392,4203.5446013698365,,,,
30.012,222.24226892461922,4205.049612369421,,,,
30.022,222.3352154316069,4206.549741155684,,,,
30.032,222.4272866374887,4208.040618383446,,,,
30.042,222.5184796026997,4209.522926240211,,,,
30.052,222.60879137986075,4211.000704994591,,,,
30.062,222.69821913293305,4212.470094252296,,,,
30.072,222.78675997620778,4213.930657908062,,,,
30.082,222.8744109924233,4215.386895722069,,,,
30.092,222.96116937795145,4216.8356733069695,,,,
30.102,223.04703229985205,4218.27549159918,,,,
30.112,223.13199687217718,4219.711041290716,,,,
30.122,223.2160603186,4221.140122464135,,,,
30.132,223.2992198561852,4222.560208316379,,,,
30.142,223.3814726312008,4223.97596982759,,,,
30.152,223.46281588947468,4225.386243026703,,,,
30.162,223.5432468939037,4226.7876669829075,,,,
30.172,223.6227628234822,4228.184588892724,,,,
30.182,223.70136094119,4229.576962673609,,,,
30.192,223.77903855027637,4230.960802781798,,,,
30.202,223.8557928617688,4232.339850263552,,,,
30.212,223.93162115066335,4233.715274046027,,,,
30.222,224.0065207549321,4235.082619771074,,,,
30.232,224.08048891882163,4236.44489237761,,,,
30.242,224.15352292571745,4237.804247273381,,,,
30.252,224.22562013859724,4239.156191519496,,,,
30.262,224.2967778312189,4240.502754617726,,,,
30.272,224.36699329147098,4241.847010022803,,,,
30.282,224.43626390029263,4243.18464488133,,,,
30.292,224.50458695905095,4244.516619410821,,,,
30.302,224.57195975656785,4245.846754290689,,,,
30.312,224.63837968284838,4247.171166040087,,,,
30.322,224.70384406294644,4248.489695841043,,,,
30.332,224.76835018351204,4249.806706341005,,,,
30.342,224.83189543455939,4251.118971020798,,,,
30.352,224.89447715975706,4252.42523710123,,,,
30.362,224.9560926407615,4253.730145351562,,,,
30.372,225.0167392585763,4255.031327042681,,,,
30.382,225.07641436925144,4256.3265207208815,,,,
30.392,225.13511524679006,4257.620375150891,,,,
30.402,225.19283925328855,4258.911455146603,,,,
30.412,225.24958374781758,4260.196768743373,,,,
30.422,225.30534599389782,4261.48063982436,,,,
30.432,225.36012332983483,4262.762814094379,,,,
30.442,225.4139131140075,4264.039449309724,,,,
30.452,225.46671259730198,4265.314441227483,,,,
30.462,225.51851908356832,4266.58861772126,,,,
30.472,225.56932991835814,4267.857752051203,,,,
30.482,225.619142336113,4269.124984739111,,,,
30.492,225.667953600255,4270.392190581288,,,,
30.502,225.71576103430135,4271.654982803379,,,,
30.512,225.76256185302947,4272.915578667233,,,,
30.522,225.80835327376377,4274.176819121694,,,,
30.532,225.85313258808839,4275.434398463924,,,,
30.542,225.89689698704282,4276.689525533756,,,,
30.552,225.93964363684822,4277.945781694845,,,,
30.562,225.9813697870262,4279.199240848451,,,,
30.572,226.02207260008154,4280.449990619884,,,,
30.582,226.06174918700114,4281.702233913447,,,,
30.592,226.10039674480467,4282.952596771746,,,,
30.602,226.13801240153035,4284.200141121628,,,,
30.612,226.17459321022267,4285.449333706686,,,,
30.622,226.2101363073528,4286.6976580410865,,,,
30.632,226.2446387807219,4287.943048304342,,,,
30.642,226.27809762103712,4289.190137840664,,,,
30.652,226.31050989510777,4290.437394341244,,,,
30.662,226.3418726457247,4291.681752705625,,,,
30.672,226.37218280015392,4292.927675081235,,,,
30.682,226.40143734460113,4294.174629636002,,,,
30.692,226.42963326416753,4295.418965082885,,,,
30.702,226.45676741984136,4296.664625430662,,,,
30.712,226.4828367136567,4297.912162211864,,,,
30.722,226.50783806841116,4299.157445858825,,,,
30.732,226.5317682778538,4300.403744127881,,,,
30.742,226.5546241534085,4301.652621558898,,,,
30.752,226.57640254692873,4302.899755302464,,,,
30.762,226.59710018283147,4304.147509378359,,,,
30.772,226.61671377745554,4305.398460525996,,,,
30.782,226.63524010349948,4306.648266026732,,,,
30.792,226.6526758140822,4307.898296075286,,,,
30.802,226.66901752750752,4309.151942361855,,,,
30.812,226.68426192959203,4310.4051500538235,,,,
30.822,226.69840560012832,4311.658204662758,,,,
30.832,226.71144505786572,4312.915113321721,,,,
30.842,226.72337689594167,4314.172409464426,,,,
30.852,226.73419761949086,4315.429116066397,,,,
30.862,226.74390364562785,4316.689781226495,,,,
30.872,226.75249146484953,4317.951574387261,,,,
30.882,226.759957503746,4319.212636789428,,,,
30.892,226.76629808274004,4320.477477910802,,,,
30.902,226.77150958858348,4321.744227251453,,,,
30.912,226.77558836681314,4323.010098558141,,,,
30.922,226.77853064081245,4324.279451847614,,,,
30.932,226.78033268840363,4325.551426451836,,,,
30.942,226.78099077153746,4326.822498053335,,,,
30.952,226.78050101956993,4328.096610337949,,,,
30.962,226.77885959940232,4329.373986712577,,,,
30.972,226.7760626867155,4330.650527612919,,,,
30.982,226.77210632041164,4331.929549448044,,,,
30.992,226.7669865561237,4333.212332915089,,,,
31.002,226.7606994808077,4334.494471634072,,,,
31.012,226.7532410469999,4335.778445371672,,,,
31.022,226.74460720047887,4337.066514350257,,,,
31.032,226.73479393745515,4338.354226259428,,,,
31.042,226.7237971288791,4339.643094428173,,,,
31.052,226.71161261450013,4340.936185373324,,,,
31.062,226.69823629855196,4342.229280710953,,,,
31.072,226.68366397413575,4343.522781856246,,,,
31.082,226.66789137862946,4344.820479448878,,,,
31.092,226.65091432369664,4346.118587379019,,,,
31.102,226.63272853026967,4347.416418530878,,,,
31.112,226.61332964090263,4348.718158916021,,,,
31.122,226.5927133757777,4350.020713401652,,,,
31.132,226.57087538843626,4351.322354780969,,,,
31.142,226.54781123477665,4352.627414379945,,,,
31.152,226.5235165457539,4353.933679524962,,,,
31.162,226.49798691257612,4355.238423222043,,,,
31.172,226.4712178141689,4356.545913741759,,,,
31.182,226.44320479631034,4357.854887123345,,,,
31.192,226.41394339325672,4359.16186134479,,,,
31.202,226.3834290179364,4360.470722119255,,,,
31.212,226.35165713682866,4361.781292168954,,,,
31.222,226.31862323284966,4363.0894136321585,,,,
31.232,226.28432266488898,4364.398406804508,,,,
31.242,226.24875082804044,4365.709152376743,,,,
31.252,226.21190316008455,4367.017114890144,,,,
31.262,226.17377497874295,4368.324803895198,,,,
31.272,226.13436161770872,4369.634118997586,,,,
31.282,226.0936584765098,4370.940383163092,,,,
31.292,226.05166084300996,4372.245036686342,,,,
31.302,226.0083639975806,4373.551060206434,,,,
31.312,225.96376330864567,4374.85383502097,,,,
31.322,225.91785405443517,4376.15384239527,,,,
31.332,225.87063148501105,4377.4545275931705,,,,
31.342,225.82209094839664,4378.751782626745,,,,
31.352,225.77222772221526,4380.044969737801,,,,
31.362,225.72103703655839,4381.338018411891,,,,
31.372,225.66851422777967,4382.627448427488,,,,
31.382,225.61465458891962,4383.911525035697,,,,
31.392,225.5594533487214,4385.194408468482,,,,
31.402,225.50290584426358,4386.473439886961,,,,
31.412,225.44500739933835,4387.74587088197,,,,
31.422,225.38575326093715,4389.015827565206,,,,
31.432,225.32513877824707,4390.28149141095,,,,
31.442,225.26315931693657,4391.539479955913,,,,
31.452,225.19981016227135,4392.793507303651,,,,
31.462,225.1350866973778,4394.042951379579,,,,
31.472,225.06898435455165,4395.283459241594,,,,
31.482,225.0014984809445,4396.518335163741,,,,
31.492,224.93262450541363,4397.747996483601,,,,
31.502,224.86235793688286,4398.967697164877,,,,
31.512,224.79069420530192,4400.179951084718,,,,
31.522,224.7176288058652,4401.386188194298,,,,
31.532,224.6431573413068,4402.5814823307455,,,,
31.542,224.5672753479899,4403.76739731013,,,,
31.552,224.48997840903118,4404.946288156369,,,,
31.562,224.4112622382549,4406.11329746432,,,,
31.572,224.33112250195222,4407.268947288781,,,,
31.582,224.24955489424778,4408.4163041059155,,,,
31.592,224.1665552579499,4409.550871328208,,,,
31.602,224.08211941281309,4410.672023593685,,,,
31.612,223.99624318870735,4411.783410893059,,,,
31.622,223.90892257500502,4412.881044489237,,,,
31.632,223.8201535674034,4413.963340654254,,,,
31.642,223.72993215948594,4415.034087653586,,,,
31.652,223.6382545110664,4416.090207782972,,,,
31.662,223.5451168186516,4417.128860434911,,,,
31.672,223.45051526295939,4418.154068208584,,,,
31.682,223.3544461918725,4419.163640362784,,,,
31.692,223.25690602613696,4420.153824313575,,,,
31.702,223.1578911642953,4421.128383101123,,,,
31.712,223.05739816573345,4422.0861844756055,,,,
31.722,222.9554236969928,4423.0227521607,,,,
31.732,222.8519644030221,4423.941351405851,,,,
31.742,222.74701707952175,4424.841933087777,,,,
31.752,222.64057866240933,4425.719529410935,,,,
31.762,222.53264607255963,4426.576689528653,,,,
31.772,222.4232163674351,4427.414388078832,,,,
31.782,222.31228677503213,4428.227448372454,,,,
31.792,222.19985452149575,4429.017480486124,,,,
31.802,222.0859169530618,4429.786475628022,,,,
31.812,221.97047161265863,4430.529239708131,,,,
31.822,221.8535160608523,4431.246347322018,,,,
31.832,221.73504796093943,4431.940614573275,,,,
31.842,221.61506519386148,4432.607144030775,,,,
31.852,221.49356568333195,4433.245384837002,,,,
31.862,221.37054743908442,4433.858777566766,,,,
31.872,221.24600870400707,4434.443000892796,,,,
31.882,221.11994779339915,4434.99629882037,,,,
31.892,220.99236309283933,4435.522564698938,,,,
31.902,220.8632532293097,4436.018211557417,,,,
31.912,220.7326169361747,4436.480464246944,,,,
31.922,220.60045300716772,4436.913278114303,,,,
31.932,220.4667604792914,4437.314038180399,,,,
31.942,220.33153853022804,4437.679018334428,,,,
31.952,220.19478639171643,4438.012014329016,,,,
31.962,220.056503534859,4438.311482068567,,,,
31.972,219.9166896067529,4438.572934081258,,,,
31.982,219.77534430775995,4438.799739830066,,,,
31.992,219.63246756830014,4438.991502956213,,,,
32.002,219.48805952871248,4439.14316090237,,,,
32.012,219.3421203878908,4439.257433779547,,,,
32.022,219.194650561148,4439.335055131999,,,,
32.032,219.0456507047162,4439.370667448121,,,,
32.042,218.89512154490367,4439.366128097765,,,,
32.052,218.7430640077149,4439.323225875636,,,,
32.062,218.58947928673632,4439.236588324972,,,,
32.072,218.4343686647833,4439.107142136726,,,,
32.082,218.27773360730953,4438.93742857961,,,,
32.092,218.11957586612658,4438.722422544875,,,,
32.102,217.95989730184846,4438.461837495168,,,,
32.112,217.7986999384663,4438.159144028703,,,,
32.122,217.63598610376334,4437.8097582850505,,,,
32.132,217.47175826349695,4437.412277656689,,,,
32.142,217.30601902925318,4436.970625370684,,,,
32.152,217.13877132410246,4436.481006900529,,,,
32.162,216.9700182394421,4435.94094955646,,,,
32.172,216.79976299806623,4435.354579694481,,,,
32.182,216.6280091351325,4434.719094159762,,,,
32.192,216.45476038631122,4434.03101308277,,,,
32.202,216.2800206083412,4433.294433005778,,,,
32.212,216.10379396459734,4432.507632736398,,,,
32.222,215.92608485133388,4431.666374171298,,,,
32.232,215.7468977804978,4430.774399281203,,,,
32.242,215.566237558868,4429.831211153389,,,,
32.252,215.38410925692682,4428.831923498365,,,,
32.262,215.2005180618923,4427.779757812818,,,,
32.272,215.01546943879936,4426.6753151386,,,,
32.282,214.82896914234723,4425.513481816624,,,,
32.292,214.64102304949523,4424.2965969674815,,,,
32.302,214.45163729563515,4423.026538539064,,,,
32.312,214.26081833074642,4421.698014474274,,,,
32.322,214.0685727372966,4420.312386350603,,,,
32.332,213.87490733126748,4418.872628080825,,,,
32.342,213.679829262288,4417.373666119034,,,,
32.352,213.4833458314188,4415.815819682444,,,,
32.362,213.28546454991275,4414.202791784689,,,,
32.372,213.08619327191465,4412.530081940658,,,,
32.382,212.8855400229357,4410.796879467975,,,,
32.392,212.6835130158292,4409.007482490598,,,,
32.402,212.48012081021608,4407.158170220027,,,,
32.412,212.2753721613916,4405.247026216408,,,,
32.422,212.06927599113152,4403.278678035742,,,,
32.432,211.86184156442633,4401.250395638164,,,,
32.442,211.6530783678831,4399.159251405875,,,,
32.452,211.44299603715214,4397.0099159973815,,,,
32.462,211.23160454043384,4394.800807471909,,,,
32.472,211.01891409363117,4392.528145714415,,,,
32.482,210.80493504875352,4390.196357081244,,,,
32.492,210.58967807321534,4387.805128857298,,,,
32.502,210.37315410676655,4385.349987215313,,,,
32.512,210.1553742165231,4382.834822904513,,,,
32.522,209.93634976268854,4380.2606957327935,,,,
32.532,209.71609240177497,4377.622669792164,,,,
32.542,209.49461391617254,4374.923947247124,,,,
32.552,209.27192635292167,4372.166659809125,,,,
32.562,209.0480420705087,4369.345912782613,,,,
32.572,208.8229735573108,4366.463915875121,,,,
32.582,208.59673353812593,4363.523900110257,,,,
32.592,208.36933506082454,4360.521162855704,,,,
32.602,208.14079131180858,4357.456853759125,,,,
32.612,207.91111568307525,4354.335084926907,,,,
32.622,207.68032189491186,4351.15165346514,,,,
32.632,207.44842381929567,4347.906549584726,,,,
32.642,207.21543550345567,4344.604596145866,,,,
32.652,206.98137132110773,4341.242323434799,,,,
32.662,206.74624581419704,4337.818584690515,,,,
32.672,206.51007367154435,4334.33860947937,,,,
32.682,206.2728698994677,4330.799913947548,,,,
32.692,206.03464969117076,4327.200250839759,,,,
32.702,205.79542836173437,4323.545002066052,,,,
32.712,205.55522152707755,4319.8327589459695,,,,
32.722,205.3140450087314,4316.06047756752,,,,
32.732,205.07191473064387,4312.233275387267,,,,
32.742,204.82884689680807,4308.3510532811,,,,
32.752,204.5848579356238,4304.40995901365,,,,
32.762,204.33996436155488,4300.4146828275825,,,,
32.772,204.0941829406243,4296.366397162517,,,,
32.782,203.84753067953216,4292.260806831837,,,,
32.792,203.60002466178932,4288.101874545233,,,,
32.802,203.3516821907252,4283.891982174735,,,,
32.812,203.10252082271938,4279.6266853315865,,,,
32.822,202.85255818756832,4275.308985231477,,,,
32.832,202.60181210041452,4270.942427811067,,,,
32.842,202.3503006368161,4266.522651009813,,,,
32.852,202.09804194795066,4262.051574101152,,,,
32.862,201.84505433477005,4257.5336979824215,,,,
32.872,201.5913563601561,4252.965067414614,,,,
32.882,201.3369666697985,4248.346424381585,,,,
32.892,201.0819040241194,4243.682993200065,,,,
32.902,200.82618744023833,4238.971482518215,,,,
32.912,200.56983602937936,4234.211487060851,,,,
32.922,200.31286898524593,4229.408639535997,,,,
32.932,200.0553057468645,4224.560592068785,,,,
32.942,199.79716586092115,4219.665757694891,,,,
32.952,199.5384689265402,4214.729972335697,,,,
32.962,199.27923477229595,4209.752071048448,,,,
32.972,199.0194833518436,4204.729265142091,,,,
32.982,198.75923464366159,4199.6673277079735,,,,
32.992,198.49850882769624,4194.566193945088,,,,
33.002,198.23732622342703,4189.4224955197515,,,,
33.012,197.9757071592965,4184.241444447614,,,,
33.022,197.71367213848288,4179.024243098424,,,,
33.032,197.45124181698012,4173.766945698783,,,,
33.042,197.18843684649784,4168.4740494923535,,,,
33.052,196.9252780204559,4163.147991207103,,,,
33.062,196.66178629582376,4157.784538537245,,,,
33.072,196.39798261856524,4152.387242772709,,,,
33.082,196.1338880410238,4146.959676207231,,,,
33.092,195.8695237857749,4141.497616217425,,,,
33.102,195.60491106383444,4136.003500327071,,,,
33.112,195.34007115639733,4130.481870390044,,,,
33.122,195.07502551648977,4124.928810229886,,,,
33.132,194.80979559057,4119.345523378119,,,,
33.142,194.54440285976074,4113.737335252696,,,,
33.152,194.2788689725765,4108.101015061156,,,,
33.162,194.01321558028098,4102.436303560735,,,,
33.172,193.74746433576556,4096.749090052002,,,,
33.182,193.4816370496423,4091.0368674395722,,,,
33.192,193.2157555484457,4085.2984391312875,,,,
33.202,192.94984163016392,4079.5397342708866,,,,
33.212,192.68391723401385,4073.7592842291533,,,,
33.222,192.4180043302546,4067.954796755863,,,,
33.232,192.15212483556132,4062.132093447436,,,,
33.242,191.88630078592564,4056.290838028073,,,,
33.252,191.6205542639123,4050.427884729337,,,,
33.262,191.35490727904312,4044.548609165785,,,,
33.272,191.0893819334313,4038.653921508475,,,,
33.282,190.824000390346,4032.739973969267,,,,
33.292,190.55878472670685,4026.8114606730614,,,,
33.302,190.29375708153523,4020.870507599886,,,,
33.312,190.02893966721408,4014.912881115316,,,,
33.322,189.76435460279023,4008.942330718779,,,,
33.332,189.50002403637194,4002.962143748036,,,,
33.342,189.23597019794437,3996.96797017895,,,,
33.352,188.9722152236258,3990.9624838756663,,,,
33.362,188.70878124469468,3984.949888222173,,,,
33.372,188.44569047760302,3978.926090577963,,,,
33.382,188.18296504893362,3972.892506550736,,,,
33.392,187.92062704645534,3966.8541573041093,,,,
33.402,187.65869864202116,3960.8074270259176,,,,
33.412,187.3972019273954,3954.752466640657,,,,
33.422,187.13615892338822,3948.69480823736,,,,
33.432,186.87559172727265,3942.631592711403,,,,
33.442,186.61552236912803,3936.5617374736166,,,,
33.452,186.35597277913925,3930.4910024894225,,,,
33.462,186.09696495042323,3924.417492322579,,,,
33.472,185.83852082402723,3918.3389971251027,,,,
33.482,185.5806622164465,3912.2612020066254,,,,
33.492,185.3234109879415,3906.1833257378958,,,,
33.502,185.0667889625782,3900.102203260655,,,,
33.512,184.8108178203644,3894.023145821534,,,,
33.522,184.5555192608945,3887.9465690574125,,,,
33.532,184.30091496270026,3881.868580104964,,,,
33.542,184.04702644628492,3875.7938301106037,,,,
33.552,183.79387522352556,3869.7239676080476,,,,
33.562,183.5414827985842,3863.6546152309993,,,,
33.572,183.28987050984458,3857.589549775007,,,,
33.582,183.0390596555967,3851.531539732132,,,,
33.592,182.7890715355366,3845.4760668957433,,,,
33.602,182.53992727957691,3839.42569808791,,,,
33.612,182.2916479434439,3833.384456100195,,,,
33.622,182.04425459241006,3827.3478445188034,,,,
33.632,181.7977681295217,3821.3173639352717,,,,
33.642,181.55220935145763,3815.2975865211088,,,,
33.652,181.30759906047652,3809.2845756019037,,,,
33.662,181.0639579021484,3803.2785656096294,,,,
33.672,180.8213063846512,3797.2847261492225,,,,
33.682,180.57966501597778,3791.299804829334,,,,
33.692,180.33905415913603,3785.3228017264973,,,,
33.702,180.0994940107799,3779.359183426644,,,,
33.712,179.86100475542372,3773.4066255891003,,,,
33.722,179.62360644640674,3767.4629524484526,,,,
33.732,179.38731894535852,3761.533664951654,,,,
33.742,179.15216208250436,3755.617402413479,,,,
33.752,178.91815557040746,3749.7112282622,,,,
33.762,178.68531891155675,3743.820224725499,,,,
33.772,178.45367155730645,3737.944329264388,,,,
33.782,178.22323285604335,3732.079629277924,,,,
33.792,177.99402192787352,3726.2307351641252,,,,
33.802,177.76605781284815,3720.3987819318995,,,,
33.812,177.53935946088478,3714.5793726354314,,,,
33.822,177.3139455840652,3708.7762969041632,,,,
33.832,177.0898347843124,3702.9918336429114,,,,
33.842,176.8670455827741,3697.2213875411535,,,,
33.852,176.6455962586383,3691.4677219425544,,,,
33.862,176.42550494881823,3685.7341851510405,,,,
33.872,176.2067897145509,3680.0162441949533,,,,
33.882,175.98946837619854,3674.3155198204513,,,,
33.892,175.77355857920128,3668.636232388795,,,,
33.902,175.55907789347364,3662.9742239385196,,,,
33.912,175.3460436537721,3657.329898787384,,,,
33.922,175.13447298818315,3651.708120381341,,,,
33.932,174.92438294310764,3646.1053292802653,,,,
33.942,174.71579033952753,3640.5208539687515,,,,
33.952,174.50871176422794,3634.959799480679,,,,
33.962,174.30316371190287,3629.4195738435574,,,,
33.972,174.09916246247545,3623.898222464986,,,,
33.982,173.89672403382673,3618.4010833407965,,,,
33.992,173.69586433686177,3612.926611455341,,,,
34.002,173.49659908301254,3607.4717753717246,,,,
34.012,173.29894369883633,3602.0417431147625,,,,
34.022,173.10291348130932,3596.636086829984,,,,
34.032,172.9085235413295,3591.251080410114,,,,
34.042,172.7157886899106,3585.8913591499067,,,,
34.052,172.52472358423603,3580.5577042653904,,,,
34.062,172.33534270760032,3575.24583971586,,,,
34.072,172.14766023255578,3569.9596672426264,,,,
34.082,171.96169014962305,3564.7011466150516,,,,
34.092,171.77744628549166,3559.465734016006,,,,
34.102,171.59494215113662,3554.256390099995,,,,
34.112,171.4141910456231,3549.076154865531,,,,
34.122,171.23520611095097,3543.920509504498,,,,
34.132,171.05800017404468,3538.791324511753,,,,
34.142,170.8825858196593,3533.6925580794377,,,,
34.152,170.70897547814127,3528.6200064551,,,,
34.162,170.53718127049677,3523.5743494470216,,,,
34.172,170.36721504630233,3518.560279510355,,,,
34.182,170.19908849942985,3513.5741993927145,,,,
34.192,170.03281302417852,3508.6155096517114,,,,
34.202,169.86839971492253,3503.689423578782,,,,
34.212,169.70585950324653,3498.7931037765875,,,,
34.222,169.54520303566045,3493.9249371083006,,,,
34.232,169.38644063669864,3489.090184603115,,,,
34.242,169.22958245611872,3484.2870547330144,,,,
34.252,169.0746383731433,3479.5129168699796,,,,
34.262,168.92161792620269,3474.7729151642147,,,,
34.272,168.77053046319526,3470.0663696074494,,,,
34.282,168.62138507798687,3465.38985186279,,,,
34.292,168.47419051010158,3460.748085484596,,,,
34.302,168.32895528912303,3456.1415907563533,,,,
34.312,168.1856877067767,3451.5663174900624,,,,
34.322,168.0443956927292,3447.026338188784,,,,
34.332,167.90508694468843,3442.5233457482686,,,,
34.342,167.7677689372601,3438.0529605063903,,,,
34.352,167.63244878130024,3433.618367075668,,,,
34.362,167.49913333217802,3429.2223724743303,,,,
34.372,167.36782923445278,3424.8605272929326,,,,
34.382,167.23854277400977,3420.5350515528717,,,,
34.392,167.11127995806396,3416.2495487875653,,,,
34.402,166.98604659057858,3411.9998907908816,,,,
34.412,166.86284812477132,3407.7870815439182,,,,
34.422,166.7416897123339,3403.6155947410452,,,,
34.432,166.6225763086321,3399.4817464888665,,,,
34.442,166.50551253383406,3395.3853695617076,,,,
34.452,166.39050268581454,3391.3314244171215,,,,
34.462,166.27755086698028,3387.3169661645416,,,,
34.472,166.16666086280338,3383.3407170570717,,,,
34.482,166.0578361194747,3379.4078313651034,,,,
34.492,165.9510798845914,3375.5163193724693,,,,
34.502,165.8463951100116,3371.663840711235,,,,
34.512,165.74378439595395,3367.8555111187015,,,,
34.522,165.6432501371698,3364.090404737994,,,,
34.532,165.54479445554858,3360.3653105722688,,,,
34.542,165.44841911430697,3356.684997237202,,,,
34.552,165.3541256610933,3353.0496821921483,,,,
34.562,165.2619153940359,3349.4554981035553,,,,
34.572,165.17178925166715,3345.9066210292094,,,,
34.582,165.08374794432572,3342.404369318171,,,,
34.592,164.9977919548685,3338.9445152017624,,,,
34.602,164.9139214113484,3335.5303721956907,,,,
34.612,164.8321362001384,3332.164386766652,,,,
34.622,164.75243600152703,3328.842151819732,,,,
34.632,164.67482015064485,3325.5659141245706,,,,
34.642,164.59928772563566,3322.339218166189,,,,
34.652,164.52583761862286,3319.157734284143,,,,
34.662,164.4544683951862,3316.022671045366,,,,
34.672,164.38517835060074,3312.9381678532122,,,,
34.682,164.31796560686118,3309.900392945709,,,,
34.692,164.25282797969209,3306.909376650414,,,,
34.702,164.18976300369619,3303.969801769951,,,,
34.712,164.128768051621,3301.078488691583,,,,
34.722,164.06984021576346,3298.2343155888757,,,,
34.732,164.01297629924903,3295.4422309236315,,,,
34.742,163.95817295068332,3292.6999142038962,,,,
34.752,163.90542656696667,3290.005177163621,,,,
34.762,163.8547332517643,3287.3629542352105,,,,
34.772,163.8060889561292,3284.771805551465,,,,
34.782,163.75948940901276,3282.2288724408872,,,,
34.792,163.71493004980022,3279.7386748058807,,,,
34.802,163.67240616865107,3277.3010027041596,,,,
34.812,163.63191286484732,3274.9120076437207,,,,
34.822,163.5934449507089,3272.5757857757817,,,,
34.832,163.5569970847842,3270.293229059055,,,,
34.842,163.52256376628665,3268.060030559087,,,,
34.852,163.4901392195672,3265.87949715868,,,,
34.862,163.45971751103218,3263.7535713794227,,,,
34.872,163.4312925770169,3261.6777465589103,,,,
34.882,163.40485809626645,3259.65435134998,,,,
34.892,163.38040758423688,3257.6862968394735,,,,
34.902,163.35793445273947,3255.7691234273343,,,,
34.912,163.3374318782732,3253.9040871986135,,,,
34.922,163.31889286870398,3252.094848124341,,,,
34.932,163.30231035120124,3250.337294345423,,,,
34.942,163.28767704444243,3248.631502831926,,,,
34.952,163.27498549428753,3246.9817362367276,,,,
34.962,163.26422818383236,3245.3843850896214,,,,
34.972,163.2553974185511,3243.8385483599404,,,,
34.982,163.24848533125706,3242.3486270058042,,,,
34.992,163.24348400687498,3240.911924154185,,,,
35.002,163.24038538397392,3239.526257844147,,,,
35.012,163.23918122741026,3238.196266081527,,,,
35.022,163.23986326543096,3236.9201419435717,,,,
35.032,163.24242311611056,3235.694747922434,,,,
35.042,163.24685222820642,3234.5244861430756,,,,
35.052,163.2531420198464,3233.4086001554724,,,,
35.062,163.26128383383386,3232.343198419197,,,,
35.072,163.27126885277417,3231.3321849400527,,,,
35.082,163.28308823137914,3230.375895701067,,,,
35.092,163.29673308290734,3229.4698994189444,,,,
35.102,163.31219437383066,3228.617375825629,,,,
35.112,163.32946304244385,3227.8197255013406,,,,
35.122,163.3485300173986,3227.0722366592067,,,,
35.132,163.36938609848266,3226.377172909848,,,,
35.142,163.39202205497912,3225.7369071799094,,,,
35.152,163.41642867520622,3225.1467203234183,,,,
35.162,163.44259664074903,3224.6078211505665,,,,
35.172,163.47051659924688,3224.1234038177226,,,,
35.182,163.5001792420549,3223.6890130002225,,,,
35.192,163.53157517960244,3223.3047073950606,,,,
35.202,163.56469498482056,3222.9743351452184,,,,
35.212,163.59952929468537,3222.693961273454,,,,
35.222,163.63606869376258,3222.462461803977,,,,
35.232,163.67430372568154,3222.284088742099,,,,
35.242,163.71422501308606,3222.1556219099593,,,,
35.252,163.75582315741303,3222.0749069515027,,,,
35.262,163.79908871873516,3222.0462566925676,,,,
35.272,163.8440123457372,3222.0673842234464,,,,
35.282,163.8905846968946,3222.1351588944044,,,,
35.292,163.93879639078483,3222.2537470349444,,,,
35.302,163.98863813951434,3222.421880822576,,,,
35.312,164.04010069615003,3222.6356519652213,,,,
35.322,164.09317477829836,3222.8988051680926,,,,
35.332,164.1478511973572,3223.2111725502036,,,,
35.342,164.2041208353097,3223.568243108491,,,,
35.352,164.261974546465,3223.9731222945125,,,,
35.362,164.3214032752211,3224.4267216040234,,,,
35.372,164.38239806356353,3224.924200904027,,,,
35.382,164.44494993703358,3225.4678076644204,,,,
35.392,164.50905000435873,3226.05948379041,,,,
35.402,164.57468949518687,3226.6943056383243,,,,
35.412,164.64185963794216,3227.3736053740326,,,,
35.422,164.71055173542985,3228.1000364517454,,,,
35.432,164.78075722873382,3228.868977008711,,,,
35.442,164.8524675736418,3229.680585614426,,,,
35.452,164.9256742900891,3230.538347420054,,,,
35.462,165.00036905177254,3231.438039080495,,,,
35.472,165.0765435676742,3232.3787061982216,,,,
35.482,165.15418959971487,3233.364279071423,,,,
35.492,165.2332990714311,3234.391230981646,,,,
35.502,165.31386396257057,3235.45754822877,,,,
35.512,165.39587629564957,3236.5673426254193,,,,
35.522,165.479328257151,3237.717987063247,,,,
35.532,165.56421211133997,3238.906465392064,,,,
35.542,165.6505201567447,3240.136846781553,,,,
35.552,165.73824485274434,3241.4075160334505,,,,
35.562,165.82737875758914,3242.714635503585,,,,
35.572,165.91791445754689,3244.0619473837137,,,,
35.582,166.00984469148676,3245.448927624456,,,,
35.592,166.1031623166683,3246.871123919744,,,,
35.602,166.19786021522464,3248.3317319299454,,,,
35.612,166.29393140894308,3249.8312545638883,,,,
35.622,166.39136905408765,3251.3649387434843,,,,
35.632,166.49016633126433,3252.9351503167304,,,,
35.642,166.5903165449801,3254.543510976265,,,,
35.652,166.69181314828703,3256.185083057435,,,,
35.662,166.79464962007077,3257.861247353267,,,,
35.672,166.89881954300546,3259.5746767784603,,,,
35.682,167.00431665883053,3261.320536271192,,,,
35.692,167.11113474193974,3263.099227899096,,,,
35.702,167.21926764938922,3264.914026498079,,,,
35.712,167.32870939955947,3266.7605913322586,,,,
35.722,167.43945405037562,3268.6382237213843,,,,
35.732,167.5514957214863,3270.55073836721,,,,
35.742,167.66482869287216,3272.494448933365,,,,
35.752,167.7794472938024,3274.467581633763,,,,
35.762,167.89534589445572,3276.474232021931,,,,
35.772,168.01251901870876,3278.5115690744965,,,,
35.782,168.13096125030248,3280.5768282717017,,,,
35.792,168.25066719444538,3282.6741208809726,,,,
35.802,168.37163159804442,3284.8016169456096,,,,
35.812,168.49384927847012,3286.9557046030563,,,,
35.822,168.61731505739647,3289.140245298038,,,,
35.832,168.7420238812694,3291.354511188785,,,,
35.842,168.86797077668828,3293.5942097865895,,,,
35.852,168.9951507595631,3295.862659930017,,,,
35.862,169.12355894983986,3298.160394055023,,,,
35.872,169.2531905573457,3300.482563577145,,,,
35.882,169.3840407704758,3302.831868486413,,,,
35.892,169.51610485543847,3305.209729937886,,,,
35.902,169.64937817188004,3307.611313797557,,,,
35.912,169.783856051658,3310.038360701307,,,,
35.922,169.91953387877857,3312.4932673156563,,,,
35.932,170.05640713228064,3314.9712921311025,,,,
35.942,170.19447125966136,3317.4731788328386,,,,
35.952,170.33372173223384,3320.0020889909792,,,,
35.962,170.47415411401823,3322.5536653856107,,,,
35.972,170.61576393711024,3325.127552717051,,,,
35.982,170.75854672903787,3327.7275367253183,,,,
35.992,170.9024981033205,3330.3498539877855,,,,
36.002,171.04761364391408,3332.993071194371,,,,
36.012,171.19388890282477,3335.661320514533,,,,
36.022,171.34131950680666,3338.351660633755,,,,
36.032,171.48990105751474,3341.061626317471,,,,
36.042,171.63962909936646,3343.795453324998,,,,
36.052,171.79049923575414,3346.5511450298072,,,,
36.062,171.9425070506539,3349.3254018957305,,,,
36.072,172.09564804878784,3352.1222413742767,,,,
36.082,172.24991777440385,3354.9407608820634,,,,
36.092,172.40531175839268,3357.7769295397843,,,,
36.102,172.56182543352207,3360.6343383591243,,,,
36.112,172.71945424876048,3363.5131920041617,,,,
36.122,172.87819364539212,3366.4089852693805,,,,
36.132,173.03803895240083,3369.324637097033,,,,
36.142,173.19898548920582,3372.261432895143,,,,
36.152,173.36102857171508,3375.2146415548596,,,,
36.162,173.52416339389646,3378.186322584116,,,,
36.172,173.6883851126854,3381.178750003762,,,,
36.182,173.85368888344152,3384.1872327839724,,,,
36.192,174.02006973453726,3387.2128335425896,,,,
36.202,174.1875226292421,3390.258664519619,,,,
36.212,174.3560425283165,3393.320338807993,,,,
36.222,174.5256242648843,3396.397820974389,,,,
36.232,174.69626257946345,3399.4949060398753,,,,
36.242,174.86795220595425,3402.607748094498,,,,
36.252,175.04068775375654,3405.735214378427,,,,
36.262,175.21446371343166,3408.881488932535,,,,
36.272,175.38927456111878,3412.043489580888,,,,
36.282,175.5651146553145,3415.2190788928838,,,,
36.292,175.74197821289465,3418.4125499611,,,,
36.302,175.9198594259591,3421.62188828225,,,,
36.312,176.09875237818298,3424.8437909256922,,,,
36.322,176.27865098965873,3428.0825400236895,,,,
36.332,176.45954913871662,3431.337033237629,,,,
36.342,176.64144060632876,3434.603479576557,,,,
36.352,176.82431899807304,3437.885643621917,,,,
36.362,177.00817786187397,3441.1835335565943,,,,
36.372,177.19301065842018,3444.4927959676866,,,,
36.382,177.37881066251404,3447.816578974755,,,,
36.392,177.5655710713993,3451.155976227601,,,,
36.402,177.75328500543264,3454.506340585339,,,,
36.412,177.94194539425212,3457.86998235971,,,,
36.422,178.13154506904544,3461.24903548308,,,,
36.432,178.32207679331225,3464.638791724556,,,,
36.442,178.5135331411661,3468.0406827928914,,,,
36.452,178.70590656755107,3471.4575282548512,,,,
36.462,178.89918946533243,3474.8849608487253,,,,
36.472,179.09337404230155,3478.3232452975944,,,,
36.482,179.28845236725385,3481.7760537959734,,,,
36.492,179.48441645341273,3485.239424172075,,,,
36.502,179.6812581403181,3488.7125336819827,,,,
36.512,179.87896910967856,3492.1994853840783,,,,
36.522,180.07754098881455,3495.697029397681,,,,
36.532,180.27696524552653,3499.2033039684266,,,,
36.542,180.4772331742719,3502.722585422077,,,,
36.552,180.67833601331304,3506.252529418138,,,,
36.562,180.88026485877936,3509.7902910267494,,,,
36.572,181.08301062190293,3513.3400942727203,,,,
36.582,181.28656415290527,3516.900606779747,,,,
36.592,181.49091617938188,3520.468179737094,,,,
36.602,181.69605723706903,3524.046699899215,,,,
36.612,181.9019777931419,3527.635920310902,,,,
36.622,182.10866821267848,3531.231593253552,,,,
36.632,182.31611866746493,3534.8370548509324,,,,
36.642,182.5243192507594,3538.4530555858837,,,,
36.652,182.73325997318733,3542.0750781475635,,,,
36.662,182.9429306555599,3545.7056056523347,,,,
36.672,183.15332102985255,3549.3465137448684,,,,
36.682,183.36442076564026,3552.9930893308156,,,,
36.692,183.57621935053533,3556.646837436912,,,,
36.702,183.78870617056847,3560.310644817641,,,,
36.712,184.00187056806723,3563.979920676124,,,,
36.722,184.215701718676,3567.6551743202726,,,,
36.732,184.43018868486,3571.3398873509323,,,,
36.742,184.6453204984143,3575.0299581533422,,,,
36.752,184.8610860423388,3578.7247922280003,,,,
36.762,185.07747407694234,3582.4283799233385,,,,
36.772,185.2944733434134,3586.137275271919,,,,
36.782,185.51207245687314,3589.8498062904773,,,,
36.792,185.73025990228922,3593.5702142797777,,,,
36.802,185.9490241532859,3597.2959037315004,,,,
36.812,186.16835358298198,3601.0242119964605,,,,
36.822,186.38823643003235,3604.7593653590657,,,,
36.832,186.60866092582216,3608.4997595177065,,,,
36.842,186.82961522863735,3612.241886824684,,,,
36.852,187.05108736192204,3615.9896934364633,,,,
36.862,187.27306534245525,3619.7426670656127,,,,
36.872,187.4955371420304,3623.4966140292518,,,,
36.882,187.71849060098893,3627.254918942046,,,,
36.892,187.9419135510289,3631.018288749923,,,,
36.902,188.16579380824385,3634.7820053570217,,,,
36.912,188.3901190662205,3638.54879320987,,,,
36.922,188.6148770037068,3642.320239353624,,,,
36.932,188.84005530851923,3646.091628864916,,,,
36.942,189.0656415604057,3649.86471148476,,,,
36.952,189.29162331923715,3653.64201974683,,,,
36.962,189.5179881774372,3657.4189371192533,,,,
36.972,189.74472363753836,3661.196200778802,,,,
36.982,189.97181717533658,3664.9770730781293,,,,
36.992,190.1992563193663,3668.7573265622786,,,,
37.002,190.4270285306288,3672.5365875610137,,,,
37.012,190.65512123700827,3676.318709738781,,,,
37.022,190.88352193529505,3680.1000591031247,,,,
37.032,191.11221808044687,3683.879179144831,,,,
37.042,191.34119708930015,3687.660234006149,,,,
37.052,191.57044645935787,3691.440411760552,,,,
37.062,191.79995367444963,3695.217216766301,,,,
37.072,192.02970617758638,3698.994889721039,,,,
37.082,192.259691499413,3702.7715363134866,,,,
37.092,192.48989718629676,3706.543869117001,,,,
37.102,192.72031074470738,3710.315856421337,,,,
37.112,192.9509197721514,3714.0867049583185,,,,
37.122,193.18171191151328,3717.852374700561,,,,
37.132,193.41267476907086,3721.616394261351,,,,
37.142,193.64379604062265,3725.3790575349644,,,,
37.152,193.87506349630723,3729.1358697500864,,,,
37.162,194.10646487776108,3732.889675779455,,,,
37.172,194.33798801169192,3736.6417881105726,,,,
37.182,194.56962082585494,3740.3875409832344,,,,
37.192,194.80135123166747,3744.1288781192375,,,,
37.202,195.03316721856106,3747.8681135034876,,,,
37.212,195.26505690047168,3751.6005999771523,,,,
37.222,195.4970083910742,3755.3272886211453,,,,
37.232,195.72900987339756,3759.05130172166,,,,
37.242,195.96104967437725,3762.768311657059,,,,
37.252,196.19311614028567,3766.478195439948,,,,
37.262,196.42519767747052,3770.184682259471,,,,
37.272,196.65728285088886,3773.8840110424544,,,,
37.282,196.8893602673088,3777.574968679808,,,,
37.292,197.12141858465094,3781.261665106692,,,,
37.302,197.35344662891941,3784.941105555743,,,,
37.312,197.58543329254536,3788.611064617605,,,,
37.322,197.81736751187205,3792.275756458851,,,,
37.332,198.0492383966089,3795.9332343840842,,,,
37.342,198.28103514891532,3799.5801608597403,,,,
37.352,198.51274700742647,3803.220696920561,,,,
37.362,198.74436338073025,3806.8538170010743,,,,
37.372,198.97587379553238,3810.475699174236,,,,
37.382,199.20726781586248,3814.089981573097,,,,
37.392,199.4385351714394,3817.696737676188,,,,
37.402,199.66966573340034,3821.2916165823253,,,,
37.412,199.9006494112146,3824.8776288486215,,,,
37.422,200.13147626981493,3828.455915956997,,,,
37.432,200.3621365369768,3832.021867683199,,,,
37.442,200.59262048383846,3835.577666112385,,,,
37.452,200.82291852371648,3839.125437678031,,,,
37.462,201.05302125088605,3842.660575622334,,,,
37.472,201.28291931281598,3846.1843858032103,,,,
37.482,201.5126034842467,3849.6996579589995,,,,
37.492,201.74206473270314,3853.2021374488904,,,,
37.502,201.9712940891249,3856.6919723598903,,,,
37.512,202.20028269537463,3860.1728133383285,,,,
37.522,202.42902189735744,3863.640818155351,,,,
37.532,202.6575031208286,3867.0950798098047,,,,
37.542,202.88571788529282,3870.5396441072526,,,,
37.552,203.1136579173806,3873.971401088562,,,,
37.562,203.3413150405683,3877.3884429293653,,,,
37.572,203.568681156479,3880.794962836745,,,,
37.582,203.79574837162374,3884.188764731439,,,,
37.592,204.0225089076835,3887.5670005959155,,,,
37.602,204.24895505114705,3890.933793542222,,,,
37.612,204.47507928587316,3894.2879285725053,,,,
37.622,204.7008742293981,3897.625857073189,,,,
37.632,204.92633255371015,3900.9513280236597,,,,
37.642,205.15144711565995,3904.264228700624,,,,
37.652,205.3762109232533,3907.5604074722455,,,,
37.662,205.60061703286135,3910.843097135523,,,,
37.672,205.82465866871743,3914.113132641508,,,,
37.682,206.048329220153,3917.366170651382,,,,
37.692,206.2716221219359,3920.6045791530123,,,,
37.702,206.49453095786498,3923.8303278108333,,,,
37.712,206.7170494904734,3927.038887124758,,,,
37.722,206.9391715278952,3930.2316983667697,,,,
37.732,207.16089100363837,3933.4116709048058,,,,
37.742,207.3822020393746,3936.574458271286,,,,
37.752,207.6030988086629,3939.7205189070555,,,,
37.762,207.82357558699667,3942.853358943794,,,,
37.772,208.04362684051983,3945.969131255829,,,,
37.782,208.26324709519184,3949.0672359411105,,,,
37.792,208.4824309559653,3952.15165151357,,,,
37.802,208.70117321722626,3955.2192041105545,,,,
37.812,208.91946874463997,3958.2682688751675,,,,
37.822,209.13731246106076,3961.3030463726386,,,,
37.832,209.3546994722151,3964.3212163280596,,,,
37.842,209.5716249683568,3967.320221972603,,,,
37.852,209.78808417756682,3970.3042270546343,,,,
37.862,210.00407249914275,3973.271892563932,,,,
37.872,210.21958543092487,3976.2198783773665,,,,
37.882,210.43461849248163,3979.152056528078,,,,
37.892,210.64916735821384,3982.0681616268075,,,,
37.902,210.86322781493178,3984.96421904835,,,,
37.912,211.0767956586917,3987.8435566906805,,,,
37.922,211.28986682036196,3990.7070529404573,,,,
37.932,211.50243735715918,3993.550312128454,,,,
37.942,211.7145033284026,3996.375985389363,,,,
37.952,211.92606090367406,3999.185827910643,,,,
37.962,212.1371063876984,4001.975456318506,,,,
37.972,212.34763608531762,4004.746589147013,,,,
37.982,212.55764638733794,4007.501875204068,,,,
37.992,212.76713382645335,4010.2370699008543,,,,
38.002,212.97609493755243,4012.9529192885393,,,,
38.012,213.1845263154611,4015.652751127844,,,,
38.022,213.39242469971293,4018.3327334955966,,,,
38.032,213.59978683845827,4020.992554580819,,,,
38.042,213.80660951437255,4023.6360851859126,,,,
38.052,214.0128896531835,4026.260093338665,,,,
38.062,214.21862419925858,4028.8632465027404,,,,
38.072,214.42381010787304,4031.449683480034,,,,
38.082,214.62844447101565,4034.01698617723,,,,
38.092,214.83252441210487,4036.562844613386,,,,
38.102,215.03604704481822,4039.0914479040102,,,,
38.112,215.2390096080061,4041.6012435785783,,,,
38.122,215.4414093860717,4044.089245136752,,,,
38.132,215.64324363806725,4046.5593247902993,,,,
38.142,215.84450973429495,4049.011013533591,,,,
38.152,216.04520510573553,4051.4405945475714,,,,
38.162,216.24532714467085,4053.8515172266184,,,,
38.172,216.44487333506765,4056.2443406967645,,,,
38.182,216.64384123643634,4058.6149588153517,,,,
38.192,216.842228362941,4060.9661468205186,,,,
38.202,217.04003229901502,4063.29941698373,,,,
38.212,217.23725071760617,4065.6105403371475,,,,
38.222,217.43388124497278,4067.901420935097,,,,
38.232,217.62992155445522,4070.1744999100256,,,,
38.242,217.82536941810898,4072.425600344975,,,,
38.252,218.02022256520598,4074.6556794826347,,,,
38.262,218.2144787483904,4076.867913903123,,,,
38.272,218.40813582571062,4079.058461142832,,,,
38.282,218.60119162123297,4081.2272639458197,,,,
38.292,218.7936439594102,4083.378036966576,,,,
38.302,218.98549077249464,4085.5074849764214,,,,
38.312,219.17672997186096,4087.6145722325164,,,,
38.322,219.36735944866723,4089.7032935860525,,,,
38.332,219.55737720009012,4091.7711222401176,,,,
38.342,219.7467812184504,4093.8160420902695,,,,
38.352,219.93556945755125,4095.8421491988975,,,,
38.362,220.12373997222008,4097.847877549578,,,,
38.372,220.3112908320846,4099.830231283028,,,,
38.382,220.4982200523218,4101.793195346667,,,,
38.392,220.6845257361942,4103.736088919068,,,,
38.402,220.87020602128746,4105.655450779051,,,,
38.412,221.05525898419017,4107.5547600312,,,,
38.422,221.23968277684958,4109.434354281026,,,,
38.432,221.42347560441482,4111.290310260207,,,,
38.442,221.60663560710884,4113.125489832907,,,,
38.452,221.78916098323947,4114.9412090213245,,,,
38.462,221.97105000217,4116.733335934887,,,,
38.472,222.15230087017414,4118.503935519064,,,,
38.482,222.3329118326134,4120.255211568747,,,,
38.492,222.51288122141074,4121.983072624267,,,,
38.502,222.6922073145388,4123.688783203146,,,,
38.512,222.8708884105075,4125.375064753661,,,,
38.522,223.04892290346191,4127.038211605586,,,,
38.532,223.2263091426018,4128.678370302467,,,,
38.542,223.40304547822214,4130.299091606836,,,,
38.552,223.57913036763594,4131.897041762093,,,,
38.562,223.7545622422139,4133.471397668034,,,,
38.572,223.92933951610445,4135.026022516748,,,,
38.582,224.10346071338552,4136.558279848404,,,,
38.592,224.2769243522572,4138.066435126006,,,,
38.602,224.44972891874767,4139.554440208116,,,,
38.612,224.62187300729462,4141.020510487053,,,,
38.622,224.79335522906396,4142.4620632472015,,,,
38.632,224.96417415207395,4143.882942732487,,,,
38.642,225.13432844681228,4145.282264159014,,,,
38.652,225.30381682427992,4146.656829280963,,,,
38.662,225.47263794598274,4148.010095911393,,,,
38.672,225.6407905658537,4149.342181441169,,,,
38.682,225.80827350190168,4150.649361492731,,,,
38.692,225.97508552255312,4151.934605933637,,,,
38.702,226.14122547492224,4153.198826560734,,,,
38.712,226.306692289867,4154.438207047739,,,,
38.722,226.47148485240515,4155.65486175698,,,,
38.732,226.635602112354,4156.850771644785,,,,
38.742,226.79904312496808,4158.021923059218,,,,
38.752,226.9618069082103,4159.169620879355,,,,
38.762,227.12389252605968,4160.296594530909,,,,
38.772,227.2852991640355,4161.399065367506,,,,
38.782,227.44602598507677,4162.4773973472475,,,,
38.792,227.60607218097425,4163.534888482005,,,,
38.802,227.7654370761241,4164.568206805581,,,,
38.812,227.92411999080943,4165.576757816382,,,,
38.822,228.0821202580883,4166.5642192794985,,,,
38.832,228.239437349973,4167.527890036948,,,,
38.842,228.39607075631068,4168.466257171445,,,,
38.852,228.5520199658428,4169.383153140162,,,,
38.862,228.70728460739167,4170.276659609325,,,,
38.872,228.86186435173386,4171.1444399862285,,,,
38.882,229.0157588579209,4171.990248562586,,,,
38.892,229.16896792111305,4172.813053998586,,,,
38.902,229.3214914034727,4173.609839094489,,,,
38.912,229.47332914892613,4174.384053769902,,,,
38.922,229.62448112883845,4175.135630725254,,,,
38.932,229.77494740622524,4175.861002153311,,,,
38.942,229.92472802373146,4176.563116756712,,,,
38.952,230.07382313894064,4177.242858664483,,,,
38.962,230.22223302483192,4177.896379039828,,,,
38.972,230.36995793734326,4178.525949591674,,,,
38.982,230.51699823107023,4179.133271406074,,,,
38.992,230.66335439541064,4179.714484735666,,,,
39.002,230.80902691114827,4180.271027229244,,,,
39.012,230.95401634055094,4180.805361574721,,,,
39.022,231.09832339681657,4181.313787963461,,,,
39.032,231.24194879739565,4181.7968654288525,,,,
39.042,231.38489332282364,4182.257622231083,,,,
39.052,231.52715791597586,4182.692755118329,,,,
39.062,231.66874354098192,4183.101881549699,,,,
39.072,231.80965120722362,4183.488470248203,,,,
39.082,231.9498820925325,4183.849772787587,,,,
39.092,232.08943741620524,4184.184509985107,,,,
39.102,232.22831842670217,4184.496343511378,,,,
39.112,232.3665265415118,4184.783263364883,,,,
39.122,232.50406324197053,4185.043135607493,,,,
39.132,232.64093002536336,4185.279629860197,,,,
39.142,232.77712855191155,4185.491470938081,,,,
39.152,232.91266056810082,4185.676019927947,,,,
39.162,233.04752782894218,4185.836589787554,,,,
39.172,233.18173224503474,4185.972894170631,,,,
39.182,233.31527583658794,4186.08161521168,,,,
39.192,233.44816062503142,4186.165688377723,,,,
39.202,233.5803887716125,4186.225715277615,,,,
39.212,233.71196256904562,4186.258076373769,,,,
39.222,233.8428843114208,4186.2650823490385,,,,
39.232,233.9731564151311,4186.248148398103,,,,
39.242,234.10278144673097,4186.203583044854,,,,
39.252,234.23176197909618,4186.132912121031,,,,
39.262,234.3601006874656,4186.038333375552,,,,
39.272,234.4878004119402,4185.916233752669,,,,
39.282,234.6148640085536,4185.767299939664,,,,
39.292,234.74129441468233,4185.594334236052,,,,
39.302,234.86709474253345,4185.394045124063,,,,
39.312,234.992268134058,4185.166232312797,,,,
39.322,235.11681779177445,4184.914124236315,,,,
39.332,235.24074709706568,4184.6349099163635,,,,
39.342,235.36405947850025,4184.327601801921,,,,
39.352,235.4867584074025,4183.995571330844,,,,
39.362,235.60884753340503,4183.636728730582,,,,
39.372,235.73033057192725,4183.24919090403,,,,
39.382,235.85121126330102,4182.836429993658,,,,
39.392,235.97149352104014,4182.397145431193,,,,
39.402,236.0911813468795,4181.928689582645,,,,
39.412,236.2102787533246,4181.434363626065,,,,
39.422,236.32878991293688,4180.913659817824,,,,
39.432,236.4467191071646,4180.363497470683,,,,
39.442,236.56407062138405,4179.78672982812,,,,
39.452,236.6808488861227,4179.18371179649,,,,
39.462,236.79705846018226,4178.550998131501,,,,
39.472,236.91270390282057,4177.890876221996,,,,
39.482,237.0277898989965,4177.204518166495,,,,
39.492,237.1423212791065,4176.488330854033,,,,
39.502,237.25630287582658,4175.743891991994,,,,
39.512,237.36973962582215,4174.973103907432,,,,
39.522,237.48263662491965,4174.172433690635,,,,
39.532,237.59499897814237,4173.342656016855,,,,
39.542,237.70683187175976,4172.486273302097,,,,
39.552,237.81814066059928,4171.60001423477,,,,
39.562,237.92893072024532,4170.6837865680955,,,,
39.572,238.03920748508602,4169.740565240649,,,,
39.582,356.1034316453307,4168.767540612606,,,,
39.592,356.11272237922424,4167.7636927101485,,,,
39.602,356.12209763166686,4166.732305491462,,,,
39.612,356.1315556998561,4165.671110448813,,,,
39.622,356.14109486243706,4164.578424353602,,,,
39.632,356.15071338135795,4163.457452823679,,,,
39.642,356.1604095034001,4162.306685115016,,,,
39.652,356.1701814617815,4161.123731833166,,,,
39.662,356.18002747804496,4159.911656796414,,,,
39.672,356.1899457636666,4158.669701251162,,,,
39.682,356.199934521634,4157.394975745187,,,,
39.692,356.20999194832683,4156.090167561125,,,,
39.702,356.2201162351704,4154.755345095353,,,,
39.712,356.23030557019297,4153.387194297909,,,,
39.722,356.2405581399144,4151.987901860801,,,,
39.732,356.2508721310433,4150.558311600035,,,,
39.742,356.2612457319843,4149.094920456667,,,,
39.752,356.2716771346878,4147.599244856509,,,,
39.762,356.28216453637066,4146.072856935816,,,,
39.772,356.2927061409698,4144.512232992311,,,,
39.782,356.3033001609523,4142.91818262608,,,,
39.792,356.3139448189813,4141.292769893395,,,,
39.802,356.3246383493779,4139.632727660779,,,,
39.812,356.33537899985447,4137.938011067388,,,,
39.822,356.346165033166,4136.211182598534,,,,
39.832,356.35699472849916,4134.449318420104,,,,
39.842,356.36786638304756,4132.651561331264,,,,
39.852,356.37877831370315,4130.820722893728,,,,
39.862,356.3897288583739,4128.954403213485,,,,
39.872,356.400716377433,4127.050981517664,,,,
39.882,356.4117392553533,4125.113323208104,,,,
39.892,356.42279590197313,4123.139672694315,,,,
39.902,356.43388475380954,4121.127715586037,,,,
39.912,356.44500427561456,4119.08019334165,,,,
39.922,356.45615296158644,4116.996058951687,,,,
39.932,355.61137398970607,4114.872437128148,,,,
39.942,355.6001026715308,4112.71175142064,,,,
39.952,355.5888276949987,4110.513720461286,,,,
39.962,355.5775504691338,4108.273628182818,,,,
39.972,355.5662723653718,4105.991411508387,,,,
39.982,355.55499471615707,4103.666772541893,,,,
39.992,355.5437188138545,4101.296163072849,,,,
40.002,355.5324459094405,4098.880852040239,,,,
40.012,355.5211772113782,4096.421867711797,,,,
40.022,355.5099138847679,4093.915618923358,,,,
40.032,355.49865705025996,4091.362615201977,,,,
40.042,355.48740778283525,4088.764586541185,,,,
40.052,355.4761671111969,4086.118029161794,,,,
40.062,355.4649360169114,4083.4227734866718,,,,
40.072,355.4537154332773,4080.6808142324726,,,,
40.082,355.44250624477564,4077.8890345403415,,,,
40.092,355.4313092862842,4075.046472255971,,,,
40.102,355.42012534221755,4072.15540479063,,,,
40.112,355.408955146062,4069.213154052741,,,,
40.122,355.39779937978494,4066.218007270576,,,,
40.132,355.38665867308976,4063.1723144711696,,,,
40.142,355.375533603077,4060.073971529687,,,,
40.152,355.3644246938477,4056.9205450586514,,,,
40.162,355.3533324158829,4053.7143107740935,,,,
40.172,355.34225718589914,4050.4536767040445,,,,
40.182,355.33119936644744,4047.1358512658912,,,,
40.192,355.3201592656014,4043.7626931044697,,,,
40.202,355.3091371369884,4040.3333833129846,,,,
40.212,355.29813317957775,4036.844495166867,,,,
40.222,355.2871475374585,4033.2974729647467,,,,
40.232,355.27618029981943,4029.692268121824,,,,
40.242,355.26523150117066,4026.025056654029,,,,
40.252,355.25430112122854,4022.296776522241,,,,
40.262,355.24338908498896,4018.50779130972,,,,
40.272,355.23249526310747,4014.654321907145,,,,
40.282,355.22161947198026,4010.736543353163,,,,
40.292,355.2107614739388,4006.755328388236,,,,
40.302,355.1999209777724,4002.7069141266074,,,,
40.312,355.1890976390075,3998.590746371571,,,,
40.322,355.17829106019326,3994.4079896169687,,,,
40.332,355.1675007915345,3990.155104022182,,,,
40.342,355.15672633133585,3985.8307144789424,,,,
40.352,355.145967126394,3981.4362344270257,,,,
40.362,355.1352225727687,3976.968378152357,,,,
40.372,355.1244920163923,3972.4251177729893,,,,
40.382,355.11377475355,3967.8077665424144,,,,
40.392,355.10307003172244,3963.113547250298,,,,
40.402,355.09237705034207,3958.339575643742,,,,
40.412,355.0816949613468,3953.48713633397,,,,
40.422,355.0710228700748,3948.5539036437376,,,,
40.432,350.6035324559243,3943.5363558989575,,,,
40.442,350.62058522871496,3938.435439826461,,,,
40.452,350.63765456355077,3933.249332393197,,,,
40.462,350.65474230015286,3927.9740223991375,,,,
40.472,350.67185035287036,3922.60994995515,,,,
40.482,350.68898070886434,3917.155791485562,,,,
40.492,350.7061354261442,3911.6071441359527,,,,
40.502,350.7233166319756,3905.9638214050706,,,,
40.512,350.74052652105036,3900.2249360389715,,,,
40.522,350.7577673534298,3894.3858455238474,,,,
40.532,350.7750414528771,3888.4456242392534,,,,
40.542,350.79235120505155,3882.4037252379676,,,,
40.552,350.8096990554143,3876.255407392211,,,,
40.562,350.8270875075127,3869.998932182687,,,,
40.572,350.8445191212379,3863.6339647484338,,,,
40.582,350.8619965107464,3857.1557947463352,,,,
40.592,350.879522342741,3850.5618138204095,,,,
40.602,350.8970993342167,3843.851778827796,,,,
40.612,350.9147302505659,3837.0211208401097,,,,
40.622,350.9324179051995,3830.066364228986,,,,
40.632,350.95016515787734,3822.987158529764,,,,
40.642,350.9679749120817,3815.779125876187,,,,
40.652,350.9858501134002,3808.438022718182,,,,
40.662,351.00379374818067,3800.9631707131994,,,,
40.672,351.02180884182235,3793.350474751547,,,,
40.682,351.0398984572623,3785.5949170392496,,,,
40.692,351.05806569383935,3777.695369319466,,,,
40.702,351.0763136858522,3769.6479827828744,,,,
40.712,351.0946456011892,3761.4471026012775,,,,
40.722,351.1130646403805,3753.0909499218906,,,,
40.732,351.13157403543727,3744.5759302513316,,,,
40.742,351.15017704869723,3735.895771581694,,,,
40.752,351.16887697215043,3727.047933199344,,,,
40.762,351.1876771266169,3718.028978990482,,,,
40.772,351.2065808608414,3708.832160646458,,,,
40.782,351.2255915511071,3699.454020399362,,,,
40.792,351.2447126007901,3689.8911948251457,,,,
40.802,351.26394743975766,3680.136526645869,,,,
40.812,351.28329952436303,3670.185634069012,,,,
40.822,351.3027723372392,3660.0349001166637,,,,
40.832,351.3223693872004,3649.676953130949,,,,
40.842,351.3420942096347,3639.106256854294,,,,
40.852,351.36195036674735,3628.319044168895,,,,
40.862,351.38194144781994,3617.3076406491086,,,,
40.872,351.40207106985,3606.065395778929,,,,
40.882,351.422342878475,3594.5880570277805,,,,
40.892,351.4427605486534,3582.8677237878646,,,,
40.902,351.46332778570826,3570.8966468872986,,,,
40.912,351.48404832610396,3558.6698387545675,,,,
40.922,351.5049259387181,3546.1792172613677,,,,
40.932,351.5259644276778,3533.415853302767,,,,
40.942,351.547167634245,3520.373904274754,,,,
40.952,351.5685394378902,3507.044968654537,,,,
40.962,351.5900837582857,3493.419007814394,,,,
40.972,351.61180455784074,3479.4890758380147,,,,
40.982,351.6337058440932,3465.2464012108376,,,,
40.992,351.6557916722305,3450.6797947146815,,,,
41.002,351.6780661482284,3435.78104948049,,,,
41.012,351.7005334319118,3420.540779431385,,,,
41.022,351.7231977400513,3404.9467987042226,,,,
41.032,351.7460633500745,3388.9893554227383,,,,
41.042,351.7691346038246,3372.6583862298853,,,,
41.052,351.7924159113007,3355.94055480688,,,,
41.062,351.8159117549954,3338.8244602188192,,,,
41.072,351.83962669442985,3321.2990924877913,,,,
41.082,351.86356537055303,3303.3499782004965,,,,
41.092,351.8877325107326,3284.963916750354,,,,
41.102,351.9121329340669,3266.128649706824,,,,
41.112,351.93677155654893,3246.8285140624766,,,,
41.122,351.96165339678316,3227.048344881223,,,,
41.132,351.9867835820809,3206.774393367848,,,,
41.142,352.012167354432,3185.9896716745175,,,,
41.152,352.03781007697165,3164.676923248723,,,,
41.162,352.0637172409346,3142.8205866149333,,,,
41.172,352.08989447249354,3120.402206657044,,,,
41.182,352.1163475400357,3097.4022653807715,,,,
41.192,358.8480763286518,3073.803105516178,,,,
41.202,358.85622195881683,3049.5844989111365,,,,
41.212,358.86450832030073,3024.724703584403,,,,
41.222,358.8729409775327,2999.203520338725,,,,
41.232,358.8815257013439,2972.998837415924,,,,
41.242,358.89026846968653,2946.0862763261257,,,,
41.252,358.89917546846914,2918.4428898739598,,,,
41.262,358.96275441159355,2890.0443378971117,,,,
41.272,358.9250177817637,2860.8635181018967,,,,
41.282,358.8867694192297,2830.8744119118746,,,,
41.292,358.84799520377476,2800.0499788549923,,,,
41.302,358.80868053309587,2768.3602952501483,,,,
41.312,358.7688103125846,2735.7758594948214,,,,
41.322,359.90708893506076,2702.266719954669,,,,
41.332,359.706774123161,2667.7997806740914,,,,
41.342,359.7052152431089,2632.3419117054054,,,,
41.352,359.71634201118184,2595.859632315749,,,,
41.362,359.73063027944045,2558.3165357057524,,,,
41.372,359.7458968141948,2519.6755243098855,,,,
41.382,357.15399650273133,2479.8993514139706,,,,
41.392,357.20438293208645,2438.947972079525,,,,
41.402,357.25582375957686,2396.7801284275974,,,,
41.412,357.3083536336503,2353.3544325332327,,,,
41.422,357.3620083754206,2308.626980757243,,,,
41.432,357.4168250122818,2262.5522058227602,,,,
41.442,357.47284181975556,2215.084335786992,,,,
41.452,357.53009837485,2166.17542789197,,,,
41.462,357.5886355957323,2115.775578165167,,,,
41.472,357.6484957860797,2063.834510360093,,,,
41.482,357.7097226939324,2010.300160771214,,,,
41.492,357.2998480175769,1955.1184826673975,,,,
41.502,357.25499247797626,1898.2348034836104,,,,
41.512,357.20905516939183,1839.5929143216317,,,,
41.522,357.1775448740027,1779.1355129744443,,,,
41.532,357.1540528970917,1716.8035598087804,,,,
41.547,357.1176349915506,1619.652781117641,,,,
41.562,357.0797414789329,1517.9443876702726,,,,
41.577,359.84116142203834,1411.4691066695893,,,,
41.592,358.3334025103966,1300.0157753601743,,,,
41.607,358.3249448447458,1183.3730403303978,,,,
41.622,358.3162034534506,1061.3322605519134,,,,
41.637,359.67650619061396,933.6888903659608,,,,
41.652,357.06251549817347,800.2472708173859,,,,
41.667,357.0020024239068,660.8248827193964,,,,
41.682,356.9399385956931,515.256139271264,,,,
41.697,356.87624944487266,363.39947278584305,,,,
41.712,356.8108562040811,205.14345149245258,,,,
41.727,356.74367565533356,40.41527032863456,,,,
41.742,357.0712757173783,-130.81070176308674,,,,
41.757,357.11067280659563,-308.5024296145855,,,,
41.772,357.15175701205055,-492.5589501884236,,,,
41.787,357.1946214057401,-682.7979762366724,,,,
41.802,357.23936374306356,-878.9423087092252,,,,
41.817,359.21746156892135,-1080.7382725170494,,,,
41.832,359.17164060257005,-1287.280379080498,,,,
41.847,359.40359438606066,-1498.3180506047809,,,,
41.862,357.9880438111999,-1712.9159480241742,,,,
41.877,357.8436302700591,-1930.1105709294643,,,,
41.892,357.6929852357338,-2148.7639294687665,,,,
41.907,359.5352163673553,-2367.557314770346,,,,
41.922,358.09376420228284,-2584.989766819196,,,,
41.937,359.1115576389739,-2799.3830320488287,,,,
41.952,358.9869061298535,-3008.893062760968,,,,
41.967,359.2638883924146,-3211.5304504721935,,,,
41.982,358.65266636771935,-3405.2732001604104,,,,
41.997,354.7739915240129,-3587.710947325228,,,,
42.012,355.25466446363555,-3756.8326909465663,,,,
42.027,357.7094585092358,-3910.3968245817573,,,,
42.042,359.39695175389863,-4046.307335154052,,,,
42.057,359.1263786488779,-4162.612351088937,,,,
42.072,358.5251156488803,-4257.586873896998,,,,
42.087,359.45836355449615,-4329.774291000559,,,,
42.102,359.22734988699494,-4378.049318515328,,,,
42.117,358.5833782523659,-4401.6480316357565,,,,
42.132,357.8149231586333,-4400.197366368321,,,,
42.147,358.2136160775574,-4373.739791657166,,,,
42.162,355.5469341305636,-4322.722072119908,,,,
42.177,354.03277429581703,-4247.993168969823,,,,
42.192,356.8688090835968,-4150.75104095713,,,,
42.207,356.81141459778496,-4032.5063058669793,,,,
42.222,356.9554338135259,-3895.0249440915272,,,,
42.237,356.54527049690887,-3740.2675356168397,,,,
42.252,356.6480225596579,-3570.3280486999815,,,,
42.267,354.25081441454785,-3387.371849342776,,,,
42.282,354.13512004281415,-3193.5803800125336,,,,
42.297,354.01520574026415,-2991.100072974567,,,,
42.312,354.118110660505,-2781.9977511587144,,,,
42.327,357.7367855772552,-2568.2237396244354,,,,
42.342,357.97391242441694,-2351.5864819217286,,,,
42.357,357.67379507210467,-2133.733346272752,,,,
42.372,357.7828350571613,-1916.1377947979513,,,,
42.387,357.93676856150955,-1700.0939229837713,,,,
42.402,359.50461934818276,-1486.7157824679753,,,,
42.417,353.16857121360283,-1276.9419027472234,,,,
42.432,353.2252238683492,-1071.5430613992119,,,,
42.447,353.2792711201888,-871.1347018716119,,,,
42.462,358.2620668947102,-676.1872109126372,,,,
42.477,355.4744259576418,-487.04066188511155,,,,
42.492,355.27473820641336,-303.9206607772285,,,,
42.507,347.80256102294726,-126.95309463925659,,,,
42.522,347.87321613893585,43.82012312950255,,,,
42.537,347.94345945640316,208.42594612007383,,,,
42.552,348.01315976675096,366.94592652574033,,,,
42.567,348.0821795466418,519.5029201718478,,,,
42.582,354.1050661308842,666.2488300121256,,,,
42.597,354.16247637573645,807.3537164547654,,,,
42.612,354.21771546412083,942.9978146499742,,,,
42.627,356.9206759540085,1073.3611754724798,,,,
42.642,358.36648701688125,1198.6144407136435,,,,
42.657,355.63479346046535,1318.9151262681676,,,,
42.679,356.54429854329703,1490.3930723728063,,,,
42.702,347.97511493876243,1651.4049394138785,,,,
42.724,348.02675471987874,1802.2305352283151,,,,
42.747,348.07438342443567,1943.043889680095,,,,
42.769,180.17756119367982,2073.9290995124065,,,,
42.792,180.16151837066388,2194.902230080877,,,,
42.814,179.80028580069245,2305.937074726362,,,,
42.837,179.09179143316285,2406.9903230692466,,,,
42.859,178.03759810277091,2498.0270126441283,,,,
42.882,176.6429364074573,2579.0269256478814,,,,
42.904,174.91668316942372,2650.0172919400666,,,,
42.938,171.73665750492083,2737.8670358803442,,,,
42.972,168.76517256881837,2803.8788936608917,,,,
43.005,168.32027862549037,2848.7459369675203,,,,
43.039,167.59333521038837,2873.4640133575153,,,,
43.073,166.59405473353792,2879.3085775772934,,,,
43.073,166.59405473353797,2879.3085775772934,,,,
43.09,165.9955573766449,2875.57704820431,,,,
43.107,165.33361826596308,2867.7103372523243,,,,
43.124,165.32333201425672,2855.958255320009,,,,
43.14,165.8214036470352,2840.5723914214273,,,,
43.157,166.26578456608314,2821.822817632521,,,,
43.174,166.65395169978956,2799.998329552657,,,,
43.191,166.98347559739886,2775.4057489547445,,,,
43.208,167.25203187158405,2748.3687754659645,,,,
43.225,167.4574123925696,2719.2261367927767,,,,
43.242,167.59753621433498,2688.3292412460364,,,,
43.259,167.67046017804606,2656.0397729776705,,,,
43.275,167.67438911202595,2622.7265580093053,,,,
43.292,167.60768558463525,2588.7625100424257,,,,
43.309,167.46887912180864,2554.521352577447,,,,
43.326,167.256674836467,2520.374340121247,,,,
43.343,166.9699614194132,2486.686733580158,,,,
43.36,166.60781841101647,2453.8149636621943,,,,
43.377,166.1695227456396,2422.1037643716536,,,,
43.394,165.6545545167013,2391.883691260069,,,,
43.41,165.06260190743583,2363.469109253266,,,,
43.427,165.35828370476864,2337.156355427241,,,,
43.444,167.2905744448026,2313.222485316571,,,,
43.461,169.06220905891212,2291.9242528746936,,,,
43.486,171.41882941030843,2265.460613622273,,,,
43.512,173.4165243950953,2246.1486144328233,,,,
43.537,175.05962236866304,2234.5869548450023,,,,
43.562,177.17988356530364,2231.2621532768544,,,,
43.588,179.09002546826733,2236.548478029507,,,,
43.613,180.73054108811115,2250.7100507055106,,,,
43.638,182.1065726731222,2273.9067927429437,,,,
43.664,183.23274910856594,2306.189785936688,,,,
43.689,185.11260027292928,2347.502322488251,,,,
43.714,186.73111437491286,2397.6747002399065,,,,
43.739,188.09278567417954,2456.420635520351,,,,
43.765,189.20296398175788,2523.333870817089,,,,
43.79,190.0678162589891,2597.881791349707,,,,
43.815,190.69429471190585,2679.405584793699,,,,
43.841,191.09011084060356,2767.116080524199,,,,
43.866,191.26371451785133,2860.0990746656726,,,,
43.891,191.22427686105218,2957.3201509852342,,,,
43.917,190.98167542390019,3057.6365773766324,,,,
43.942,190.54648012921746,3159.815286433636,,,,
43.967,192.6489539357695,3262.5535757639454,,,,
43.993,195.03283463263352,3364.5098249842804,,,,
44.018,197.32347891935245,3464.3322552975033,,,,
44.043,199.51226115073374,3560.696590576009,,,,
44.069,201.5914348216445,3652.340866435875,,,,
44.094,203.55430040314894,3738.0990699000786,,,,
44.119,205.39535322165472,3816.9363012433714,,,,
44.144,207.11041766729457,3887.970141839868,,,,
44.17,208.6967235245544,3950.504864173473,,,,
44.195,210.15296919777828,4004.0300813844383,,,,
44.22,211.47937146372348,4048.2401354714166,,,,
44.246,212.67765407457605,4083.0316563651654,,,,
44.271,213.75101173053497,4108.498470926142,,,,
44.296,214.70403897540416,4124.9220590544965,,,,
44.322,215.54262977399293,4132.750923386165,,,,
44.347,216.27385006637138,4132.5719145006315,,,,
44.372,216.90577195676894,4125.091056699619,,,,
44.398,217.44734110183364,4111.115617331776,,,,
44.423,217.90819549438532,4091.516541252327,,,,
44.448,218.29844753928847,4067.2105621912897,,,,
44.474,218.62851745265027,4039.1305873720084,,,,
44.499,218.90895148449437,4008.201984151254,,,,
44.524,219.1502502026481,3975.320085736956,,,,
44.549,219.36271101550307,3941.3305086574983,,,,
44.575,219.55628845261936,3907.0140371933535,,,,
44.6,219.7404749383752,3873.072059756365,,,,
44.625,219.9242043688199,3840.1190150528823,,,,
44.651,220.11577938495674,3808.675630608002,,,,
44.676,220.32282259928576,3779.167118500035,,,,
44.701,220.55225125911193,3751.928564779945,,,,
44.727,220.81027393012806,3727.204747475268,,,,
44.752,221.10240667394072,3705.151193747922,,,,
44.777,221.43350536474458,3685.8435545208845,,,,
44.803,221.80781237438842,3669.283025293404,,,,
44.828,222.22901483684205,3655.4082698001216,,,,
44.853,223.28723887728398,3644.101873363943,,,,
44.879,224.3993892576774,3635.202539684108,,,,
44.904,225.51540570841468,3628.5146265839744,,,,
44.929,226.63290429866885,3623.815270345769,,,,
44.954,227.7499015775344,3620.865399173619,,,,
44.98,228.86491066659312,3619.4151541419933,,,,
45.005,229.9770152705097,3619.2113613829256,,,,
45.03,231.08591879045633,3620.002820992329,,,,
45.056,232.19196792398,3621.5429188431503,,,,
45.081,233.29615008351064,3623.5946740676723,,,,
45.106,234.4000652189481,3625.9295477638166,,,,
45.132,235.50587333038374,3628.3302913072657,,,,
45.157,236.61622029953872,3630.588873367467,,,,
45.182,237.7341455389403,3632.5055754229643,,,,
45.208,238.86297509912544,3633.8796080113043,,,,
45.233,240.00620521709553,3634.480707423506,,,,
45.258,241.1673809744425,3634.089583893316,,,,
45.284,242.34997475336925,3632.5165805663673,,,,
45.309,243.55726984577672,3629.5715408112546,,,,
45.334,353.79904876592445,3625.0555871537535,,,,
45.359,352.854134403462,3618.761054268296,,,,
45.385,359.67431935098637,3610.468034523865,,,,
45.41,356.4127594742082,3599.9395898026223,,,,
45.435,358.9892819530227,3586.920729767046,,,,
45.461,359.26634142184906,3571.132099637365,,,,
45.486,356.9573663669149,3552.26963099868,,,,
45.511,357.139346390935,3529.992878881898,,,,
45.537,359.78502562012477,3503.9307271156317,,,,
45.562,357.81973883934097,3473.669921499122,,,,
45.587,358.7981299830006,3438.750070314122,,,,
45.613,357.04972513176847,3398.6601568282085,,,,
45.638,358.1615936385891,3352.8309421171075,,,,
45.663,358.0004730158132,3300.629292194685,,,,
45.689,357.66733884170185,3241.3524104237686,,,,
45.714,358.12822031850504,3174.2197511872423,,,,
45.739,356.54678515832074,3098.368581061899,,,,
45.764,359.201103899921,3012.845516444967,,,,
45.79,354.9505693854818,2916.6023233473234,,,,
45.815,355.178160804385,2808.490297277947,,,,
45.84,355.34989700931396,2687.2565272495945,,,,
45.866,356.5351913706446,2551.544320741256,,,,
45.891,356.61256036606085,2399.8945680208312,,,,
45.916,356.7412431914835,2230.7563530978678,,,,
45.942,356.9632522124858,2042.5043441592175,,,,
45.967,356.55217260701403,1833.4671127472957,,,,
45.992,356.14733898961833,1601.9752004985887,,,,
46.018,355.7543562227113,1346.4298755353143,,,,
46.043,355.37900900351735,1065.4037390706524,,,,
46.068,358.11213279876614,757.7799346615767,,,,
46.094,358.06522980260166,422.93683197532715,,,,
46.119,358.03340204051256,60.98895607911487,,,,
46.144,358.6563061956481,-326.9152704378264,,,,
46.169,358.1369914689011,-738.2389839389145,,,,
46.195,359.5042530259042,-1168.701438692151,,,,
46.22,359.4788426882158,-1611.867396924646,,,,
46.245,357.2765364159161,-2058.8941199940327,,,,
46.271,356.99049097160616,-2498.4119391492613,,,,
46.296,356.21917214231814,-2916.7119156014883,,,,
46.321,357.8551558529822,-3298.3305550015275,,,,
46.347,358.57564460989965,-3627.0830907573495,,,,
46.372,358.60244912688756,-3887.4944302575473,,,,
46.397,357.3258228142784,-4066.4460352243345,,,,
46.423,358.4945267565057,-4154.74309704758,,,,
46.448,358.60097426727987,-4148.237338696486,,,,
46.473,357.6392387334226,-4048.282733535791,,,,
46.499,359.51720663869696,-3861.4679212415767,,,,
46.524,359.57671724071525,-3598.7399420292245,,,,
46.549,357.60882059170297,-3274.0040767698306,,,,
46.574,357.34657107101526,-2902.625112550328,,,,
46.6,357.13014815505676,-2500.046344302287,,,,
46.625,357.213432589998,-2080.698968376424,,,,
46.65,359.2589551140837,-1657.258243242451,,,,
46.676,358.8343888851584,-1240.225537511,,,,
46.701,358.68495111917457,-837.7795786123547,,,,
46.726,355.1500234940736,-455.8338507799092,,,,
46.752,354.6544056741227,-98.23664804737155,,,,
46.777,358.7162833329911,232.94011297661572,,,,
46.802,355.7627024881783,537.0715819579815,,,,
46.828,346.7344531310148,814.6482921901749,,,,
46.853,347.208545069715,1066.9636055613819,,,,
46.878,347.63663550773674,1295.835673686671,,,,
46.904,348.01396042137253,1503.3670625633647,,,,
46.929,354.52921339281977,1691.7452325984814,,,,
46.954,354.73489053513686,1863.0665683511374,,,,
46.979,356.60482995447046,2019.192844753196,,,,
47.005,357.0499837406464,2161.659491503815,,,,
47.03,356.240265623573,2291.623404938236,,,,
47.055,346.90405046611374,2409.853834890175,,,,
47.081,347.1581840267606,2516.7627615397714,,,,
47.106,347.39636534629165,2612.4645276491424,,,,
47.131,185.83914562202963,2696.8505358030507,,,,
47.157,185.560305999145,2769.667667373048,,,,
47.182,184.7539591401421,2830.5880472029676,,,,
47.207,183.43100190613671,2879.2605385054007,,,,
47.233,181.6099569542319,2915.3482190398117,,,,
47.258,179.3167185521487,2938.5486256420454,,,,
47.283,176.58416185770182,2948.6078544281245,,,,
47.309,173.45163298096935,2945.3435385266507,,,,
47.334,170.26876942539113,2928.6232163598374,,,,
47.359,169.88260388571342,2898.4712343786896,,,,
47.359,169.88260388571342,2898.4712343786896,,,,
47.372,169.75005860886031,2878.3676303882576,,,,
47.384,169.58606909506716,2854.9761247572715,,,,
47.397,169.39151087004183,2828.3328752610423,,,,
47.41,169.16726076588048,2798.4939015207024,,,,
47.422,168.9142041999027,2765.5275545532772,,,,
47.435,168.6332313680021,2729.5176438329986,,,,
47.448,168.756846041839,2690.564652515836,,,,
47.46,169.37908830553096,2648.7859491229265,,,,
47.473,169.97791348387892,2604.31682136363,,,,
47.486,170.55220377645406,2557.310394776804,,,,
47.498,171.10085882781485,2507.9374338432126,,,,
47.511,171.622798996684,2456.3861242576018,,,,
47.524,172.1169686230411,2402.8612604194846,,,,
47.536,172.58233928304153,2347.5831632208933,,,,
47.549,173.0179130217092,2290.7864960927586,,,,
47.562,173.42272553615575,2232.7185967379814,,,,
47.574,173.79584929853107,2173.637647232446,,,,
47.587,174.13639661004748,2113.8105596828545,,,,
47.606,174.5841812447816,2023.3080091335528,,,,
47.625,174.9541438118559,1932.678930446707,,,,
47.644,175.2438842743772,1842.8645304992078,,,,
47.663,175.45127083279456,1754.7917373799464,,,,
47.682,175.5744589989056,1669.3572199605699,,,,
47.701,175.61190687955028,1587.4129866722756,,,,
47.72,175.56238836659867,1509.7543909631263,,,,
47.739,175.42500417810294,1437.1109410255472,,,,
47.758,175.19919065569877,1370.1400540344346,,,,
47.777,174.92630726090243,1309.4236557043396,,,,
47.796,175.16677468552354,1255.4673470733064,,,,
47.815,175.3568696561427,1208.701732784418,,,,
47.834,175.49477610801395,1169.4854439748744,,,,
47.853,175.57881443625087,1138.1093461592359,,,,
47.881,175.60038185499238,1106.252537433735,,,,
47.91,175.49300695912513,1093.0508007230335,,,,
47.938,176.85564178405144,1098.7824657951796,,,,
47.967,178.81777275710573,1123.5014608662386,,,,
47.995,180.64426295708293,1167.0563528515504,,,,
48.024,182.02276396731023,1229.1014733080378,,,,
48.052,182.96167446725707,1309.093872150798,,,,
48.081,183.47160383228132,1406.2801919786298,,,,
48.109,183.56523895503273,1519.6841261096947,,,,
48.138,183.25722605782602,1648.0844610328845,,,,
48.166,182.5640666599827,1789.9922962747787,,,,
48.194,181.5040255152303,1943.6384493760397,,,,
48.223,180.09704716327835,2106.9657912420134,,,,
48.251,178.36467693452303,2277.645976559553,,,,
48.28,176.32998078086496,2453.111412934364,,,,
48.308,175.304380731174,2630.603458837872,,,,
48.337,177.77300704048585,2807.274656204719,,,,
48.365,180.0953438402882,2980.249049706649,,,,
48.394,182.25476415918752,3146.7655204777716,,,,
48.422,184.23641750699224,3304.2670622896376,,,,
48.451,186.02768247352122,3450.5163878555986,,,,
48.479,187.61854883985097,3583.681035894559,,,,
48.508,189.00193375869765,3702.39192078725,,,,
48.536,190.17391639555677,3805.7810535985586,,,,
48.565,191.1339168930063,3893.4965979253943,,,,
48.593,191.88465542412234,3965.6878425963837,,,,
48.622,192.43204317869416,4022.9312055036276,,,,
48.65,192.78515709262786,4066.205959272611,,,,
48.679,192.95591109135273,4096.820599711623,,,,
48.707,192.95859954871472,4116.3322333809865,,,,
48.736,192.8094813548161,4126.459856667076,,,,
48.764,192.5262615051317,4128.999933284652,,,,
48.792,192.12753743357598,4125.7398975864535,,,,
48.821,191.63223501004794,4118.379948473312,,,,
48.849,191.05905944336828,4108.462832217679,,,,
48.878,190.4259611783163,4097.319018135219,,,,
48.906,190.4693141483204,4086.0057762759643,,,,
48.935,190.79527060712357,4075.31601638024,,,,
48.963,191.0814106291421,4065.7094485460534,,,,
48.992,191.32762081328792,4057.359819414926,,,,
49.02,191.53197119632057,4050.1439074194814,,,,
49.049,191.69091118539495,4043.676151351279,,,,
49.077,191.79954506898312,4037.348854697817,,,,
49.106,191.85198723314306,4030.3819124148445,,,,
49.134,191.84177883890203,4021.882125220524,,,,
49.163,191.7623481215232,4010.914461349091,,,,
49.191,191.60749399304893,3996.5663542334987,,,,
49.22,191.371869843272,3978.0064443117267,,,,
49.248,191.05144503722738,3954.5451519958874,,,,
49.277,190.64392223619896,3925.679571060766,,,,
49.305,190.1490855182086,3891.132604569959,,,,
49.334,189.56907098403104,3850.878740202937,,,,
49.362,188.90854068361244,3805.1388914350055,,,,
49.39,188.17472609045117,3754.3804267320197,,,,
49.419,187.3773476350978,3699.2845384542593,,,,
49.447,186.52841719757168,3640.7148473292364,,,,
49.476,185.64192151157144,3579.6672716319736,,,,
49.504,184.7334011090069,3517.2256521244844,,,,
49.533,183.8194463653449,3454.5102436189154,,,,
49.561,182.91713798684776,3392.6351283947265,,,,
49.59,182.0434619275816,3332.669862003292,,,,
49.618,181.21473092259177,3275.603733381401,,,,
49.647,180.44604305219366,3222.330465061603,,,,
49.675,179.75080580258452,3173.631074912316,,,,
49.704,179.91745276895932,3130.163985440329,,,,
49.732,183.5814063450819,3092.4683345330623,,,,
49.761,187.0868578662486,3060.9663075097765,,,,
49.789,190.41320756321048,3035.9694652787357,,,,
49.818,193.54136411795804,3017.6808047766226,,,,
49.846,196.45379716404918,3006.205185903055,,,,
49.875,199.13457612193702,3001.5555542063776,,,,
49.903,201.56939698781636,3003.6594428059825,,,,
49.932,203.7456036910811,3012.3654060455897,,,,
49.96,205.6522068832726,3027.4481762534015,,,,
49.989,207.27990309081787,3048.613307586189,,,,
50.017,208.62109639683308,3075.501467433851,,,,
50.045,209.66992390179007,3107.6920961837845,,,,
50.074,210.422285268929,3144.7078844795524,,,,
50.102,210.87587569513016,3186.019201401545,,,,
50.131,211.03022077754076,3231.0499034092063,,,,
50.159,210.88671100409985,3279.1843766407846,,,,
50.188,210.4486330679962,3329.769837699988,,,,
50.216,209.72119486880086,3382.128722010324,,,,
50.245,208.71154074036141,3435.5717102959043,,,,
50.273,207.4287518258172,3489.4124104488214,,,,
50.302,205.88383320072342,3542.9748227043915,,,,
50.33,204.0896803163461,3595.634397870057,,,,
50.359,202.06101873133156,3646.7928836211513,,,,
50.387,202.29166645574026,3695.9251589902688,,,,
50.416,202.69462454166884,3742.5739486728,,,,
50.444,203.00211123031676,3786.3611904281643,,,,
50.473,203.21288931562958,3826.993641000191,,,,
50.501,203.32593424115515,3864.267669223194,,,,
50.53,203.3404112892348,3898.064879982555,,,,
50.558,203.25569070434938,3928.350457905753,,,,
50.587,203.0713971040907,3955.1686342610296,,,,
50.615,202.78751687531854,3978.627994402597,,,,
50.643,202.4044390037874,3998.890311825556,,,,
50.672,201.92303616267986,4016.1562248784353,,,,
50.7,201.3448917216405,4030.651745725216,,,,
50.729,200.67236918234602,4042.6114969779724,,,,
50.757,199.9086333147921,4052.2659585614174,,,,
50.786,199.05773078011356,4059.8281606738387,,,,
50.814,198.1246041255991,4065.4845694648584,,,,
50.843,197.11506464081648,4069.3781501356043,,,,
50.871,196.4876970336046,4071.594682013685,,,,
50.9,196.47210334269528,4072.1575959934726,,,,
50.928,196.34823764696398,4071.0225849412836,,,,
50.957,196.1125478549738,4068.0722594962713,,,,
50.985,195.76251182111798,4063.114508284205,,,,
51.014,195.29659984815848,4055.8842535081226,,,,
51.042,194.71421765062092,4046.0480599110047,,,,
51.071,194.0156413463039,4033.215005047849,,,,
51.099,193.20193948320883,4016.9392200773664,,,,
51.128,192.27490503936394,3996.7621393729046,,,,
51.156,191.23700878335325,3972.199164649784,,,,
51.185,190.09135786363362,3942.8022022248942,,,,
51.213,188.84168717254545,3908.157821987999,,,,
51.241,187.49236706237286,3867.931687470451,,,,
51.27,186.04841851443285,3821.88659586923,,,,
51.298,184.51554903614965,3769.913912412582,,,,
51.327,182.90019511426988,3712.0516842810894,,,,
51.355,181.209564002171,3648.504915617489,,,,
51.384,179.45166657610775,3579.6516946660404,,,,
51.412,177.63533332118192,3506.0452364848707,,,,
51.441,175.770205465179,3428.405360721689,,,,
51.469,173.86669552458466,3347.599520071408,,,,
51.498,171.93591248924318,3264.620222949279,,,,
51.526,169.9895507363639,3180.5496780094627,,,,
51.555,168.03974248836218,3096.5273302781525,,,,
51.583,166.09887660344262,3013.707858530709,,,,
51.612,164.1793909348043,2933.2242776875382,,,,
51.64,162.89669095242675,2856.1534621108344,,,,
51.669,161.9491486503651,2783.476503647049,,,,
51.697,161.04276758885084,2716.0614096438367,,,,
51.726,160.1799599077167,2654.6327479244364,,,,
51.754,159.36261947952204,2599.760787266935,,,,
51.783,158.59197392407032,2551.8584901301147,,,,
51.811,159.07723930374306,2511.177990637659,,,,
51.839,159.86294315287506,2477.817447163292,,,,
51.868,160.49741142322873,2451.730711090606,,,,
51.896,160.97085945479927,2432.740331477018,,,,
51.925,161.2749100199726,2420.5539914318615,,,,
51.953,161.40264286196742,2414.7825767229833,,,,
51.982,161.34863576573355,2414.959269499719,,,,
52.01,161.10899723825077,2420.55871435536,,,,
52.039,160.68139063044558,2431.0153499530206,,,,
52.067,160.06504934695988,2445.740639083877,,,,
52.096,159.26078261624264,2464.1381354516407,,,,
52.124,158.27097114416367,2485.616799006689,,,,
52.153,157.09955187825187,2509.6016213571156,,,,
52.181,155.75199108948632,2535.540708527751,,,,
52.21,154.2352450353979,2562.9107013103285,,,,
52.238,152.55770757630648,2591.218074319194,,,,
52.267,150.72914424203816,2620.0069136717834,,,,
52.295,149.66880003837122,2648.862680462579,,,,
52.324,149.17084955704397,2677.4096825386996,,,,
52.352,148.65298558162056,2705.312369207562,,,,
52.381,148.11584665808425,2732.270967961238,,,,
52.409,147.56071736228088,2758.021376014124,,,,
52.437,146.9894097493786,2782.330714652575,,,,
52.466,146.40413132460546,2804.9941583022232,,,,
52.494,145.8073478076184,2825.8328846909676,,,,
52.523,145.201648283446,2844.687776390062,,,,
52.551,144.58963939562204,2861.418417759143,,,,
52.58,143.97379520779288,2875.8984313835786,,,,
52.608,143.5963339823039,2888.010333147736,,,,
52.637,143.88801172907068,2897.6459180646093,,,,
52.665,144.17458293545914,2904.6988476926044,,,,
52.694,144.4491985638026,2909.0671292625666,,,,
52.722,144.70477848018828,2910.6481437236553,,,,
52.751,144.93414618944715,2909.338826692832,,,,
52.779,145.1301784703633,2905.034957390149,,,,
52.808,145.28596350730453,2897.634054964173,,,,
52.836,145.39496232083258,2887.035227746786,,,,
52.865,145.45116502149315,2873.1425665676766,,,,
52.893,145.44923486569155,2855.8693377057216,,,,
52.922,145.38463500056744,2835.140161236585,,,,
52.95,145.25373254717897,2810.8987983307284,,,,
52.979,145.05387721962893,2783.1100117661963,,,,
53.007,144.78345221236958,2751.7683080113284,,,,
53.035,144.44189585047067,2716.9011090000745,,,,
53.064,144.0296953659883,2678.575071078532,,,,
53.092,144.0904567593884,2636.901440726321,,,,
53.121,144.3251537486671,2592.0383941765645,,,,
53.149,144.537259605663,2544.1969899957403,,,,
53.178,144.72729579241877,2493.639875138047,,,,
53.206,144.8960053523518,2440.6850914762226,,,,
53.235,145.04431238013547,2385.7025832079244,,,,
53.263,145.1732773049664,2329.1126490105103,,,,
53.292,145.2840494302842,2271.3818049465845,,,,
53.32,145.37781876586467,2213.015182395495,,,,
53.349,145.45576871788052,2154.5512984484803,,,,
53.377,145.51903173245069,2096.5501090868647,,,,
53.406,145.56864913890814,2039.5863267884233,,,,
53.434,145.60553684181932,1984.2358023342817,,,,
53.463,145.63045804882574,1931.0662153868932,,,,
53.491,145.64400382484692,1880.62580192322,,,,
53.52,145.64659144296945,1833.4320589944841,,,,
53.548,145.6384383175892,1789.9617608680267,,,,
53.577,145.61958042860223,1750.6437067920335,,,,
53.605,145.58990943438144,1715.8489900312877,,,,
53.634,145.54917439597847,1685.886289851062,,,,
53.662,145.58045324356652,1660.9946991919226,,,,
53.69,146.11357371895207,1641.3444391254416,,,,
53.719,146.60348269382155,1627.029466933605,,,,
53.747,147.04562150865564,1618.073908487289,,,,
53.776,147.43580732649212,1614.4301579163603,,,,
53.804,147.7702753870605,1615.9822662253428,,,,
53.833,148.0457132960581,1622.5511419752304,,,,
53.861,148.25929638481588,1633.8957265882311,,,,
53.89,148.40872615728,1649.7241047363925,,,,
53.918,148.4922515877364,1669.6988766762893,,,,
53.947,148.50868130453583,1693.446201888829,,,,
53.975,148.45739545299793,1720.5617064963528,,,,
54.004,148.33835018669728,1750.6212746215886,,,,
54.032,148.15207563518015,1783.1859323648123,,,,
54.061,147.89966785251966,1817.813119610389,,,,
54.089,147.5827748625911,1854.0632654616813,,,,
54.118,147.20357723517188,1891.5061866133003,,,,
54.146,146.76476345613688,1929.7293028700665,,,,
54.175,146.26950049196074,1968.3402514929646,,,,
54.203,145.7213999436567,2006.9741550903261,,,,
54.232,145.12448012168272,2045.2941014797425,,,,
54.26,144.48312460721849,2082.9959412997773,,,,
54.288,143.8020376917881,2119.8084738210628,,,,
54.317,143.08619730859922,2155.494211554621,,,,
54.345,142.3408059195914,2189.8504037590487,,,,
54.374,141.57124003877317,2222.706246568491,,,,
54.402,140.78299610266657,2253.923897861866,,,,
54.431,140.25248456627173,2283.39584257305,,,,
54.459,140.0291371092252,2311.0413918056706,,,,
54.488,139.80992724854693,2336.807965942476,,,,
54.516,139.5942195992808,2360.6643003234594,,,,
54.545,139.3811879512918,2382.602716935794,,,,
54.573,139.16984469638277,2402.6321697123576,,,,
54.602,138.95907671473395,2420.7792537874348,,,,
54.63,138.74768260718605,2437.0845405507744,,,,
54.659,138.53441323040863,2451.599500256432,,,,
54.687,138.318012572926,2464.3873841655804,,,,
54.716,138.09727919926618,2475.5171724373386,,,,
54.744,138.71484488237598,2485.0680814867837,,,,
54.773,139.5562889692029,2493.120799181864,,,,
54.801,140.37617472003734,2499.762832762723,,,,
54.83,141.17109228681008,2505.08327652005,,,,
54.858,141.93798343226996,2509.1751778898874,,,,
54.886,142.67417914068454,2512.133133715509,,,,
54.915,143.3774301145669,2514.0535737365667,,,,
54.943,144.0459288963983,2515.035576269876,,,,
54.972,144.67832362862293,2515.1786817149446,,,,
55.0,145.2737226278805,2514.5860645703447,,,,
55.029,145.83169007212024,2513.361358919109,,,,
55.057,146.35223337772447,2511.611914888603,,,,
55.086,146.83578227821403,2509.4468309856566,,,,
55.114,147.2831610102561,2506.9778401855183,,,,
55.143,147.69555436439052,2504.319914660186,,,,
55.171,148.07446966589157,2501.589293578605,,,,
55.2,148.42169536406922,2498.9059170533856,,,,
55.228,148.7392583373233,2496.389805808327,,,,
55.257,149.02938170150887,2494.1634993021617,,,,
55.285,149.2944428476916,2492.3491991601327,,,,
55.314,149.53693374370334,2491.068233160567,,,,
55.342,149.7594275235874,2490.441541295264,,,,
55.371,149.96454482425878,2490.5839540828283,,,,
55.399,150.15492146823797,2491.6098006690495,,,,
55.428,150.5556817035513,2493.625452996571,,,,
55.456,151.3427486022851,2496.7299297695376,,,,
55.484,152.11304249375928,2501.0150407972606,,,,
55.513,152.86457254655517,2506.5600632247247,,,,
55.541,153.5954861803363,2513.4358286014103,,,,
55.57,154.30408378947325,2521.696903210422,,,,
55.598,154.98883429669218,2531.38707431846,,,,
55.627,155.6483910073148,2542.5336535701294,,,,
55.655,156.28160216507388,2555.1485566819133,,,,
55.684,156.88752465880364,2569.2288280741714,,,,
55.712,157.46543396404093,2584.7533887235722,,,,
55.741,158.01483223830763,2601.6873763369363,,,,
55.769,158.53545809934047,2619.977728525001,,,,
55.798,159.02728231692763,2639.557576200316,,,,
55.826,159.49051599455385,2660.344911713538,,,,
55.855,159.92562008415126,2682.245785021322,,,,
55.883,160.33329836797412,2705.153132001849,,,,
55.912,160.7144963235748,2728.9503980638733,,,,
55.94,161.07039744003603,2753.512762217852,,,,
55.969,161.40241767660763,2778.7080619668395,,,,
55.997,161.71219777778154,2804.4011100872485,,,,
56.026,162.00159326305493,2830.452557481277,,,,
56.054,162.27266232843812,2856.7244433753476,,,,
56.082,162.5276503819141,2883.078957648254,,,,
56.111,162.76897281203105,2909.3823009901716,,,,
56.139,162.99919532153154,2935.5062615629804,,,,
56.168,163.22101074601395,2961.328203524428,,,,
56.196,163.43721317913077,2986.7349604227793,,,,
56.225,163.65067022238884,3011.62089080603,,,,
56.253,163.86429589994916,3035.8912808023724,,,,
56.282,164.08101095760037,3059.4632039315807,,,,
56.31,164.30370818261878,3082.261606437144,,,,
56.339,164.535223370609,3104.22597278649,,,,
56.367,164.77829524290482,3125.3036890891153,,,,
56.396,165.03553102185884,3145.456408689117,,,,
56.424,165.30937006641238,3164.6533335521026,,,,
56.453,165.6020477516316,3182.8750818572744,,,,
56.481,165.91556528428748,3200.111709799012,,,,
56.51,166.38117094776692,3216.3606047219123,,,,
56.538,167.1412159488362,3231.6290538066214,,,,
56.567,167.8964984943253,3245.928991872959,,,,
56.595,168.64386486796218,3259.2813118783342,,,,
56.624,169.38022082645614,3271.70994198713,,,,
56.652,170.10256751711884,3283.244924981276,,,,
56.68,170.80803562779658,3293.9198670884543,,,,
56.709,171.49391491270626,3303.7705440076984,,,,
56.737,172.1576828191428,3312.8369374299295,,,,
56.766,172.79702921438187,3321.158341594225,,,,
56.794,173.40987701892928,3328.7779659561975,,,,
56.823,173.99439877902887,3335.737130425138,,,,
56.851,174.5490284295621,3342.079103051419,,,,
56.88,175.07246796789883,3347.8448266945825,,,,
56.908,175.56368897155977,3353.075734486862,,,,
56.937,176.0219299595022,3357.8115019517604,,,,
56.965,176.44668939128687,3362.089968560369,,,,
56.994,176.83771438047907,3365.948319096141,,,,
57.022,177.19498619232834,3369.4201761700774,,,,
57.051,177.5187025773684,3372.5390147959147,,,,
57.079,177.80925912302206,3375.334528872963,,,,
57.108,178.15303404391443,3377.8351050503807,,,,
57.136,178.7864515066818,3380.067819341229,,,,
57.165,179.402622158778,3382.0563559196644,,,,
57.193,179.99826986885716,3383.824480193251,,,,
57.222,180.5702200662186,3385.3923963219363,,,,
57.25,181.11542810443171,3386.780970297893,,,,
57.279,181.63100322653924,3388.008691799221,,,,
57.307,182.11422800207015,3389.0932248251574,,,,
57.335,182.56257882534118,3390.052709394343,,,,
57.364,182.9737440699219,3390.902929653894,,,,
57.392,183.34564095277386,3391.662207726591,,,,
57.421,183.6764308754936,3392.345829995421,,,,
57.449,183.96453235976168,3392.9717915532656,,,,
57.478,184.20863353278952,3393.556554766172,,,,
57.506,184.40769924285746,3394.117395147876,,,,
57.535,184.56097907342982,3394.6719406541197,,,,
57.563,184.66801388817234,3395.2373052184657,,,,
57.592,184.72863806240832,3395.8322084199717,,,,
57.62,184.74297916693968,3396.472688678291,,,,
57.649,184.71145758107576,3397.177266118164,,,,
57.677,184.63478313505783,3397.962030135844,,,,
57.706,184.51394646637954,3398.842489943515,,,,
57.734,184.35021220699497,3399.8338131559763,,,,
57.763,184.14510780102088,3400.948142431742,,,,
57.791,183.90040800637786,3402.1977425101454,,,,
57.82,183.61812702276586,3403.590401774334,,,,
57.848,183.30047576666163,3405.132407122267,,,,
57.877,182.9498704313127,3406.828951943059,,,,
57.905,182.56889814943375,3408.6780544244443,,,,
57.933,182.16029322911908,3410.679449120382,,,,
57.962,181.72691446732048,3412.823134991124,,,,
57.99,181.27170900104556,3415.102823785739,,,,
58.019,180.79770929886095,3417.501435721483,,,,
58.047,180.30798036120132,3420.0030118222776,,,,
58.076,179.80560085075058,3422.58514751578,,,,
58.104,179.29363288419333,3425.2229688207194,,,,
58.133,178.77509584997188,3427.8883345457493,,,,
58.161,178.25293844879332,3430.5487039327545,,,,
58.19,177.73001032114806,3433.1711069328117,,,,
58.218,177.20903616532502,3435.7167836869125,,,,
58.247,176.69259313645293,3438.148462644849,,,,
58.275,176.18308824569974,3440.4243760482495,,,,
58.304,175.68273627182523,3442.502693931233,,,,
58.332,175.19354344346007,3444.3413150496553,,,,
58.361,174.71728989087373,3445.8960030460694,,,,
58.389,174.25551610453078,3447.125330373879,,,,
58.418,173.8095131566336,3447.985156928424,,,,
58.446,173.5000494468706,3448.4359451617343,,,,
58.475,173.34211602123736,3448.436375543154,,,,
58.503,173.177810230236,3447.948392760057,,,,
58.531,173.00592430851458,3446.9360956475166,,,,
58.56,172.8252824266192,3445.3644236255163,,,,
58.588,172.63475717828484,3443.203379833589,,,,
58.617,172.43328550550538,3440.4225369710284,,,,
58.645,172.21988342641862,3436.998216797175,,,,
58.674,171.99365635198254,3432.9064539471137,,,,
58.702,171.75380872128113,3428.128467671093,,,,
58.731,171.4996524637889,3422.6485478448235,,,,
58.759,171.23061088121432,3416.4532461108693,,,,
58.788,170.94622233581396,3409.5346850467768,,,,
58.816,170.64614170786786,3401.8859529836013,,,,
58.845,170.33014037126657,3393.5061744984846,,,,
58.873,169.99810374283058,3384.395605846382,,,,
58.902,169.65002757385844,3374.559820750852,,,,
58.93,169.28601407585074,3364.0066065368974,,,,
58.959,168.90626550448377,3352.7470973839445,,,,
58.987,168.51107618954526,3340.7965571899804,,,,
59.016,168.10082494628568,3328.171398013686,,,,
59.044,167.67596921423416,3314.894283755576,,,,
59.073,167.3515650547057,3300.9872745308044,,,,
59.101,167.103485843318,3286.477925316164,,,,
59.129,166.84348242290827,3271.3954381131684,,,,
59.158,166.57005269169656,3255.771312705889,,,,
59.186,166.28182310281272,3239.6405092428286,,,,
59.215,165.97756128721042,3223.0390543208277,,,,
59.243,165.65618484697768,3206.007145108787,,,,
59.272,165.3167688086237,3188.5845231696117,,,,
59.3,164.95855321805783,3170.815297721194,,,,
59.329,164.58094978007753,3152.744150996079,,,,
59.357,164.1835438199308,3134.417438086642,,,,
59.386,163.7660975010923,3115.8837759603066,,,,
59.414,163.32855261955694,3097.1919739306004,,,,
59.443,162.87102979559927,3078.393894354982,,,,
59.471,162.39382629332607,3059.539658001142,,,,
59.5,161.89741437347567,3040.6827561732757,,,,
59.528,161.3824380899712,3021.8757713562386,,,,
59.557,160.84970592203518,3003.1710690534846,,,,
59.585,160.30018596012047,2984.6227033713967,,,,
59.614,159.73499836765356,2966.2814872935774,,,,
59.642,159.15540569828605,2948.200924742853,,,,
59.671,158.56280165506988,2930.4293925383413,,,,
59.699,157.95869986098313,2913.0171433687347,,,,
59.727,157.34472285510475,2896.0106857668693,,,,
59.756,156.72258657836926,2879.4540823748675,,,,
59.784,156.09408785733152,2863.3900912182053,,,,
59.813,155.4610892793876,2847.8558043695975,,,,
59.841,154.82550310665536,2832.8875673811453,,,,
59.87,154.18927500680198,2818.5145256019164,,,,
59.898,153.55436711712326,2804.764223123027,,,,
59.927,152.9227419225748,2791.657801427404,,,,
59.955,152.29634448220978,2779.2116561988514,,,,
59.984,151.67708792794525,2767.43812892262,,,,
60.0,151.32938147840233,2761.112805627137,,,,
